Grid (101x101x1)
1
Matlab
0
0
0
0
0
0
0
0
0
0
0
0
0
0
0
0
0
0
0
0
0
0
0
0
0.0124765
0.0565263
0.113613
0.183155
0.264516
0.347171
0.429781
0.519485
0.602036
0.665231
0.671855
0.648031
0.615078
0.576544
0.532087
0.488586
0.439243
0.392944
0.348578
0.328369
0.316886
0.310669
0.305702
0.304409
0.312175
0.323658
0.348834
0.399459
0.456883
0.521458
0.57761
0.603482
0.610394
0.596504
0.577104
0.5385
0.470865
0.398524
0.334965
0.282813
0.252279
0.226846
0.210396
0.210396
0.221879
0.234611
0.247344
0.260076
0.271559
0.271895
0.271895
0.271559
0.260076
0.247344
0.234611
0.215722
0.190257
0.171286
0.170036
0.170036
0.170036
0.170036
0.171286
0.195224
0.233421
0.27752
0.345753
0.41718
0.481157
0.532423
0.583396
0.613748
0.597662
0.558274
0.49952
0.40517
0.303627
0
0
0
0
0
0
0
0
0
0
0
0
0
0
0
0
0
0
0
0
0
0
0
0
0.00621655
0.0375339
0.0818882
0.139991
0.20862
0.278542
0.352137
0.429445
0.500514
0.563475
0.576571
0.570312
0.556666
0.532494
0.500802
0.476527
0.454779
0.435553
0.418218
0.418127
0.411633
0.399134
0.386434
0.379961
0.379961
0.380298
0.386933
0.418218
0.462572
0.514415
0.564095
0.589967
0.595249
0.582202
0.559567
0.52712
0.477103
0.42651
0.387123
0.362066
0.36048
0.348578
0.334585
0.333336
0.336134
0.342606
0.350372
0.361855
0.36962
0.36962
0.36962
0.36962
0.361855
0.350372
0.341357
0.322489
0.30324
0.291421
0.286454
0.286454
0.286454
0.286454
0.291421
0.31075
0.346416
0.379369
0.412588
0.450726
0.483956
0.514388
0.540189
0.558247
0.54551
0.50084
0.435961
0.348084
0.253033
0
0
0
0
0
0
0
0
0
0
0
0
0
0
0
0
0
0
0
0
0
0
0
0
0.0012496
0.0198346
0.0514565
0.0955337
0.15143
0.20862
0.270776
0.335351
0.397405
0.452937
0.475049
0.489053
0.48814
0.475408
0.462572
0.457605
0.45022
0.444063
0.443177
0.448166
0.436684
0.431717
0.425141
0.417376
0.417376
0.416126
0.40498
0.417408
0.44903
0.48814
0.530055
0.555927
0.563752
0.55565
0.531609
0.504519
0.468761
0.442047
0.423158
0.417305
0.428788
0.440815
0.436782
0.424419
0.418159
0.418159
0.418159
0.418495
0.418811
0.418778
0.418778
0.418811
0.418495
0.418159
0.413192
0.400459
0.392694
0.393607
0.398471
0.404763
0.40848
0.404763
0.404731
0.411306
0.424734
0.437466
0.448622
0.462545
0.470267
0.481809
0.495803
0.49952
0.481951
0.435988
0.36487
0.283509
0.200854
0.00621655
0.0124765
0.0174434
0.018693
0.018693
0.018693
0.018693
0.018693
0.018693
0.018693
0.018693
0.0174434
0.0124765
0.00621655
0.0012496
0
0
0
0
0
0
0
0
0
0
0.00618912
0.0250786
0.0527061
0.0955337
0.139991
0.188122
0.239965
0.290579
0.334965
0.37194
0.402731
0.41455
0.412082
0.418218
0.425984
0.430037
0.436613
0.448166
0.448503
0.441074
0.439824
0.439488
0.429255
0.428918
0.423951
0.411219
0.405012
0.422652
0.44903
0.479461
0.504997
0.51992
0.510023
0.493178
0.468832
0.451133
0.437487
0.43133
0.437874
0.450606
0.457518
0.465866
0.46054
0.455573
0.455573
0.455573
0.455573
0.450606
0.444449
0.444449
0.450606
0.455573
0.455573
0.449313
0.436613
0.436297
0.448693
0.469159
0.481891
0.482228
0.481891
0.474126
0.461426
0.455502
0.457111
0.456795
0.456692
0.452638
0.444873
0.443726
0.436297
0.410523
0.359594
0.288476
0.21488
0.144958
0.0500104
0.0627428
0.0754752
0.0878711
0.0940282
0.0940602
0.0940602
0.0940602
0.0940602
0.0940282
0.0878711
0.0754752
0.0614932
0.0437939
0.0248015
0.00743872
3.20464e-005
0
0
0
0
0
0
0
0
3.20464e-005
0.00618912
0.0198346
0.043691
0.0754157
0.107097
0.145871
0.18246
0.220689
0.265114
0.309886
0.334438
0.347171
0.366375
0.386537
0.399606
0.418913
0.431614
0.431614
0.431717
0.431717
0.431717
0.423951
0.417376
0.411116
0.398383
0.385683
0.386873
0.400519
0.418218
0.438428
0.454622
0.458442
0.4469
0.429402
0.419468
0.417305
0.42388
0.436581
0.448063
0.454975
0.462485
0.467115
0.467115
0.467115
0.467115
0.467115
0.465866
0.453806
0.453806
0.465866
0.467115
0.467115
0.462148
0.455573
0.46054
0.473609
0.491667
0.504063
0.505312
0.504063
0.492917
0.481038
0.469496
0.463236
0.449345
0.437803
0.424734
0.404573
0.385704
0.370196
0.327554
0.271657
0.207114
0.144958
0.0877682
0.138414
0.151147
0.163879
0.176612
0.189344
0.195501
0.195501
0.195501
0.195501
0.189344
0.17658
0.15769
0.132562
0.107097
0.0803827
0.0499509
0.0185627
0.00128165
0
0
0
0
0
0
0
0
0
0.0012496
0.0062486
0.0186656
0.0360284
0.0561675
0.0828819
0.120743
0.16357
0.207924
0.244872
0.278205
0.310479
0.337134
0.361349
0.386477
0.394536
0.401111
0.406046
0.406046
0.406046
0.399574
0.388123
0.381548
0.374739
0.366973
0.361963
0.363244
0.374032
0.38608
0.389889
0.396454
0.403029
0.41111
0.4123
0.410169
0.411778
0.418555
0.427928
0.439379
0.444346
0.450606
0.455573
0.455573
0.455573
0.455573
0.455573
0.449416
0.449416
0.455573
0.455573
0.455573
0.455573
0.455573
0.456823
0.474544
0.487613
0.500346
0.505312
0.500346
0.487613
0.474778
0.462078
0.450199
0.425984
0.410752
0.386873
0.360218
0.327945
0.289297
0.233492
0.176639
0.12446
0.0763288
0.0322082
0.247344
0.260076
0.272809
0.285541
0.298273
0.310669
0.311919
0.311919
0.310669
0.298273
0.279384
0.253919
0.228422
0.1968
0.15894
0.120743
0.0825454
0.0446847
0.0248822
0.0187251
0.0174434
0.0124765
0.00621655
0.0012496
0
0
0
0
0
0
0.0012496
0.0062486
0.0186656
0.0421855
0.0701495
0.10801
0.146207
0.189035
0.23214
0.265402
0.297339
0.323994
0.343242
0.355638
0.356888
0.356888
0.358169
0.361528
0.367451
0.371169
0.361272
0.353507
0.354463
0.359012
0.360293
0.354136
0.342654
0.347284
0.366613
0.402247
0.423163
0.423733
0.417516
0.417875
0.418088
0.413457
0.413876
0.418811
0.418495
0.418159
0.418159
0.418159
0.418159
0.41779
0.41779
0.418159
0.418159
0.418159
0.423126
0.430037
0.436613
0.450503
0.463236
0.475968
0.482228
0.475968
0.463236
0.452144
0.437803
0.416909
0.380298
0.354833
0.329471
0.295872
0.246192
0.189371
0.138442
0.0940282
0.0512005
0.0185627
0.00128165
0.361599
0.368071
0.375837
0.38732
0.400052
0.412784
0.417751
0.417751
0.412784
0.398802
0.373674
0.349459
0.322804
0.290867
0.257636
0.220689
0.182492
0.144294
0.114167
0.0940282
0.0754752
0.0627428
0.0487608
0.0310615
0.0124057
0.00128165
0
0
0
0
0
0
0
0.00128165
0.0124057
0.0372185
0.0676503
0.0956143
0.133475
0.171336
0.202957
0.228454
0.253919
0.26538
0.271672
0.282796
0.302262
0.316244
0.328976
0.341708
0.347947
0.341708
0.34174
0.354136
0.359044
0.346648
0.333916
0.32859
0.352528
0.384568
0.410001
0.427722
0.424342
0.418418
0.418718
0.405926
0.386933
0.370902
0.361855
0.350372
0.342606
0.336134
0.328369
0.316886
0.316886
0.328369
0.336134
0.342606
0.356632
0.380815
0.400123
0.406964
0.413121
0.425517
0.430484
0.425853
0.419696
0.419328
0.398851
0.368195
0.333775
0.296827
0.263565
0.22046
0.169867
0.124204
0.0764094
0.0371752
0.00868832
3.20464e-005
0
0.443623
0.443623
0.443623
0.44396
0.450535
0.463236
0.469496
0.469496
0.463236
0.445568
0.426261
0.411942
0.388063
0.367566
0.348361
0.327526
0.296736
0.258571
0.220689
0.190257
0.165097
0.144958
0.119829
0.0943647
0.0676503
0.0372185
0.0124057
0.00128165
0
0
0
0
0
0
0
0.00128165
0.0124057
0.0310615
0.0549179
0.0828819
0.113346
0.150891
0.187143
0.207733
0.226622
0.253336
0.284285
0.303175
0.315939
0.328672
0.341372
0.354523
0.364734
0.372499
0.373668
0.357218
0.343573
0.337448
0.350979
0.381075
0.406642
0.424342
0.430526
0.424033
0.411577
0.386481
0.354441
0.314994
0.278742
0.253592
0.235861
0.221879
0.209147
0.196751
0.196751
0.209147
0.221879
0.234611
0.252311
0.277776
0.30324
0.322489
0.330254
0.33764
0.338889
0.342682
0.34266
0.34854
0.340877
0.320379
0.296132
0.271939
0.240235
0.202038
0.156771
0.112694
0.0738989
0.0450755
0.0248015
0.00743872
3.20464e-005
0.481038
0.481038
0.481038
0.481038
0.481038
0.487613
0.49258
0.49258
0.487613
0.474778
0.462078
0.450535
0.437466
0.425984
0.418218
0.411746
0.403644
0.377761
0.334965
0.30324
0.271618
0.241187
0.21569
0.184068
0.146207
0.10801
0.0701495
0.0421855
0.0186656
0.0062486
0.0012496
0
0
0
0
0.0012496
0.00621655
0.0137581
0.0298811
0.0559436
0.0921959
0.131643
0.16984
0.208918
0.246442
0.270667
0.296164
0.320379
0.334302
0.341111
0.355419
0.373446
0.391188
0.400203
0.400416
0.387683
0.37407
0.37407
0.382749
0.40003
0.423989
0.447948
0.453931
0.435873
0.416576
0.391079
0.346757
0.289589
0.234029
0.193332
0.156744
0.125355
0.101499
0.0940602
0.0940602
0.100217
0.11295
0.125682
0.139664
0.164792
0.190257
0.214472
0.227541
0.233698
0.23373
0.247294
0.271232
0.289888
0.296073
0.291165
0.278769
0.270944
0.256994
0.226563
0.188985
0.158972
0.132562
0.105847
0.0754157
0.043691
0.0135958
0.49258
0.49258
0.49258
0.49258
0.49258
0.49258
0.49258
0.49258
0.49258
0.487613
0.481038
0.47481
0.468235
0.469148
0.474115
0.480375
0.485341
0.481288
0.455405
0.423755
0.385895
0.35417
0.322548
0.284351
0.246154
0.207924
0.16357
0.120743
0.0828819
0.0549179
0.0310615
0.0124057
0.00128165
0.00128165
0.0124057
0.0310615
0.0487608
0.0688999
0.0943647
0.120743
0.153277
0.183741
0.215466
0.250865
0.290311
0.326912
0.352735
0.36731
0.381211
0.388976
0.394302
0.394639
0.406181
0.423848
0.431614
0.425141
0.418598
0.426005
0.443683
0.45774
0.470114
0.486227
0.481004
0.465371
0.44367
0.415397
0.365717
0.302392
0.239045
0.183485
0.131643
0.0875655
0.0496837
0.0261318
0.0187251
0.0187251
0.0248822
0.037278
0.0500104
0.0688999
0.0943647
0.119493
0.132225
0.133539
0.15207
0.195854
0.238986
0.2657
0.278769
0.291165
0.301398
0.304229
0.296953
0.282112
0.266907
0.247671
0.221016
0.184405
0.146207
0.10801
0.069813
0.481038
0.481038
0.481038
0.481038
0.481038
0.474462
0.469496
0.469496
0.474462
0.481038
0.481038
0.48226
0.488417
0.500813
0.514795
0.532494
0.551487
0.569165
0.567556
0.538347
0.49389
0.457241
0.418131
0.379934
0.342986
0.303599
0.258929
0.219407
0.176303
0.133475
0.0956143
0.0689319
0.0496242
0.0496242
0.0689319
0.0943647
0.121079
0.158603
0.190225
0.220689
0.258886
0.290508
0.315973
0.347697
0.384613
0.410159
0.418218
0.425984
0.437466
0.441184
0.429124
0.422967
0.424185
0.436684
0.448166
0.442019
0.453997
0.480375
0.506176
0.530359
0.540684
0.53907
0.519382
0.495579
0.478402
0.435612
0.397181
0.349937
0.290323
0.233449
0.177889
0.133475
0.0940282
0.0512005
0.0185627
0.00128165
0
0.0012496
0.00621655
0.0125085
0.0236325
0.0373101
0.0574171
0.0887619
0.138186
0.193746
0.23935
0.277243
0.30667
0.322651
0.3359
0.344888
0.355975
0.355638
0.337063
0.316983
0.297746
0.276912
0.246122
0.207956
0.169759
0.443623
0.443623
0.443623
0.443287
0.436712
0.424011
0.417751
0.417751
0.424011
0.441678
0.456079
0.473719
0.48682
0.505709
0.530837
0.557888
0.594863
0.628164
0.644717
0.626219
0.570648
0.521267
0.469457
0.43126
0.404177
0.367566
0.334335
0.304006
0.27044
0.233389
0.195224
0.170949
0.159467
0.159467
0.170949
0.190257
0.220689
0.258886
0.295834
0.328748
0.360686
0.393579
0.419012
0.443287
0.461681
0.463268
0.467898
0.467898
0.468235
0.46337
0.450606
0.437874
0.431717
0.430445
0.441591
0.449089
0.481624
0.524452
0.567627
0.58763
0.590406
0.583707
0.559465
0.538939
0.520903
0.482766
0.444536
0.405822
0.372299
0.327526
0.277846
0.227232
0.176639
0.125709
0.0825454
0.0434351
0.0186656
0.0062486
0.00249921
0.00621655
0.0125085
0.0310392
0.0636336
0.112721
0.173628
0.233573
0.290606
0.335319
0.361511
0.374141
0.381906
0.39921
0.4073
0.4073
0.39921
0.375331
0.361408
0.354936
0.346834
0.322201
0.284035
0.368071
0.361599
0.353833
0.342351
0.329618
0.316886
0.311919
0.311919
0.316886
0.335878
0.367527
0.410714
0.444281
0.47625
0.515637
0.56623
0.616274
0.6599
0.681958
0.67886
0.634044
0.57192
0.513502
0.46918
0.438716
0.412915
0.386537
0.361408
0.340911
0.329135
0.309468
0.291421
0.283656
0.283656
0.291421
0.30449
0.333683
0.360757
0.380298
0.405426
0.430891
0.456356
0.468235
0.47481
0.482543
0.482543
0.482228
0.482228
0.482228
0.468203
0.449313
0.436581
0.423848
0.411148
0.407044
0.443862
0.505998
0.563492
0.605824
0.619209
0.620062
0.602629
0.584961
0.577104
0.553237
0.519659
0.482734
0.450199
0.42507
0.404573
0.372299
0.327526
0.277878
0.226917
0.176303
0.125709
0.0829139
0.0623566
0.055863
0.0561995
0.0701815
0.10801
0.150838
0.201452
0.257381
0.32101
0.371109
0.403426
0.416392
0.423821
0.42507
0.437803
0.450535
0.450535
0.437803
0.424734
0.413588
0.417305
0.423565
0.427859
0.404475
0.260076
0.247344
0.234611
0.221879
0.209147
0.196751
0.195501
0.195501
0.196751
0.214114
0.250805
0.302984
0.365028
0.423755
0.487651
0.557492
0.615302
0.664705
0.692195
0.705868
0.681306
0.615105
0.546476
0.494297
0.45672
0.430037
0.412338
0.399269
0.388123
0.39184
0.402731
0.409801
0.410735
0.409517
0.410991
0.411306
0.413251
0.424734
0.437466
0.451448
0.469148
0.487206
0.49377
0.488803
0.482543
0.482543
0.47481
0.468235
0.467562
0.451112
0.425984
0.412002
0.392357
0.368115
0.368935
0.423902
0.498791
0.564992
0.592401
0.607857
0.615938
0.61009
0.602265
0.589532
0.565317
0.532494
0.494981
0.469425
0.457964
0.450199
0.430037
0.410833
0.383423
0.333743
0.277878
0.226949
0.188649
0.170949
0.158554
0.158554
0.175916
0.207956
0.252414
0.30831
0.366614
0.415126
0.436297
0.450535
0.457964
0.457964
0.455502
0.463327
0.480701
0.480701
0.463327
0.455502
0.456415
0.469148
0.48814
0.505839
0.511383
0.151147
0.138414
0.125682
0.11295
0.100217
0.0940602
0.0940602
0.0940602
0.0940602
0.101467
0.137822
0.193719
0.25863
0.340845
0.428754
0.512855
0.578082
0.635136
0.68455
0.710411
0.702749
0.654782
0.574995
0.506366
0.450311
0.43133
0.42507
0.418495
0.424734
0.437466
0.456795
0.485609
0.498064
0.497982
0.48689
0.472908
0.455502
0.455502
0.462078
0.474778
0.487195
0.49496
0.49377
0.48751
0.470179
0.462018
0.450199
0.437466
0.419408
0.397661
0.365723
0.333683
0.2968
0.279889
0.315907
0.379313
0.459056
0.507023
0.525315
0.544248
0.563453
0.574936
0.575631
0.565713
0.557286
0.518572
0.493384
0.476032
0.475897
0.476854
0.470697
0.462931
0.449862
0.418218
0.384613
0.339932
0.310413
0.291421
0.278689
0.278689
0.297681
0.323482
0.365397
0.416294
0.460753
0.470338
0.478103
0.483326
0.483326
0.475897
0.469528
0.474462
0.486918
0.486918
0.474495
0.475685
0.48933
0.513502
0.545227
0.575658
0.595564
0.0627428
0.0500104
0.037278
0.0248822
0.0187251
0.018693
0.018693
0.0199426
0.0249096
0.0312016
0.0546992
0.112465
0.182344
0.271134
0.36645
0.460404
0.525256
0.577782
0.622104
0.658818
0.66872
0.650472
0.587135
0.512246
0.443041
0.417001
0.418495
0.42507
0.437771
0.450503
0.474778
0.500346
0.506562
0.517708
0.51147
0.49377
0.476071
0.469496
0.469496
0.476071
0.48107
0.48063
0.469148
0.462931
0.448949
0.425011
0.400459
0.373386
0.341481
0.308251
0.265146
0.220721
0.197337
0.2147
0.269134
0.339013
0.410072
0.447335
0.463202
0.474674
0.488596
0.506002
0.519039
0.524424
0.516627
0.482874
0.473821
0.469088
0.47719
0.482472
0.482472
0.482157
0.476854
0.462931
0.449862
0.424375
0.410057
0.398514
0.387064
0.392031
0.41599
0.44639
0.475962
0.505503
0.514795
0.507274
0.495732
0.489515
0.483358
0.476854
0.461323
0.460753
0.454155
0.454155
0.466942
0.481494
0.511589
0.551079
0.592994
0.62781
0.658221
0.0124765
0.00621655
0.0012496
0
0
0.00128165
0.0124057
0.0310615
0.0487608
0.0627428
0.0767569
0.120079
0.193023
0.276927
0.370684
0.445235
0.500736
0.54509
0.577162
0.59602
0.597688
0.594857
0.570861
0.505122
0.434243
0.391149
0.398965
0.412002
0.42507
0.444378
0.469811
0.48751
0.49377
0.501536
0.506166
0.48876
0.474778
0.462078
0.455502
0.455166
0.455166
0.443623
0.419408
0.40509
0.379646
0.346763
0.309816
0.271618
0.233421
0.195224
0.157027
0.135251
0.145185
0.188496
0.250609
0.326635
0.372032
0.394056
0.411675
0.414451
0.425261
0.431814
0.44302
0.448596
0.428466
0.414452
0.417523
0.438716
0.461681
0.470697
0.476854
0.482157
0.482472
0.475968
0.463236
0.456486
0.450339
0.461506
0.472294
0.486276
0.51299
0.544662
0.567606
0.570659
0.558204
0.535222
0.508171
0.483043
0.456724
0.435961
0.404893
0.372494
0.352072
0.353354
0.398486
0.46098
0.513844
0.567556
0.610138
0.652885
0.681126
0
0
0.0012496
0.0062486
0.0186656
0.0421855
0.0688999
0.0943647
0.119829
0.144958
0.163847
0.18405
0.240545
0.315054
0.397371
0.472413
0.519962
0.556573
0.575799
0.575831
0.56273
0.540183
0.517843
0.466555
0.40699
0.376782
0.366544
0.375423
0.398356
0.423821
0.443982
0.451725
0.463268
0.46974
0.469425
0.462931
0.450199
0.437466
0.424734
0.406339
0.387032
0.366609
0.333715
0.30324
0.271618
0.241155
0.209533
0.171672
0.134725
0.101526
0.0834894
0.10457
0.149445
0.213075
0.284427
0.35554
0.388123
0.404545
0.406985
0.399198
0.38277
0.373814
0.367886
0.345443
0.308864
0.296175
0.315717
0.37069
0.410496
0.430037
0.450199
0.462931
0.471946
0.469516
0.475776
0.491601
0.51055
0.536015
0.56148
0.587858
0.617862
0.623556
0.621724
0.609236
0.586152
0.550086
0.501079
0.461691
0.423228
0.365783
0.308278
0.252055
0.226286
0.246066
0.322124
0.416197
0.495895
0.551546
0.602352
0.642929
0.678323
3.20464e-005
0.00743872
0.0248015
0.0499509
0.0816323
0.120743
0.158603
0.190225
0.215722
0.241187
0.266651
0.285573
0.315586
0.37832
0.449448
0.525549
0.569365
0.590776
0.595683
0.583319
0.557855
0.519658
0.48107
0.434537
0.371607
0.344936
0.333709
0.33427
0.349306
0.374173
0.394536
0.405714
0.413121
0.420886
0.419696
0.413192
0.39303
0.373489
0.346416
0.3095
0.277776
0.252311
0.220689
0.190257
0.165097
0.146207
0.126078
0.111781
0.0987118
0.0883757
0.107683
0.157466
0.225727
0.296795
0.365479
0.411675
0.443655
0.450149
0.443655
0.419408
0.380053
0.329144
0.282509
0.22784
0.188056
0.169737
0.208059
0.265114
0.316044
0.364533
0.399382
0.429711
0.467278
0.491471
0.518522
0.545296
0.588711
0.620333
0.652405
0.681556
0.68968
0.665154
0.646102
0.626816
0.599429
0.540189
0.481912
0.424141
0.358839
0.277906
0.208364
0.144766
0.115953
0.169335
0.270352
0.37019
0.447225
0.51673
0.568747
0.608513
0.640412
0.0310392
0.0561675
0.0828819
0.120743
0.163907
0.2145
0.257604
0.290867
0.316229
0.336726
0.360942
0.38607
0.396367
0.433553
0.499047
0.567719
0.614046
0.63331
0.634603
0.619013
0.582434
0.537325
0.476889
0.417847
0.360788
0.325058
0.302392
0.289872
0.292671
0.308148
0.324129
0.336726
0.344492
0.355638
0.349459
0.335221
0.308566
0.271618
0.233421
0.195224
0.164792
0.139328
0.115417
0.100277
0.0941408
0.0987712
0.104928
0.112694
0.120752
0.152119
0.201452
0.257381
0.321043
0.390884
0.444487
0.478064
0.500683
0.506981
0.489287
0.456159
0.402811
0.325744
0.215444
0.125415
0.0756867
0.0701815
0.112977
0.163907
0.215781
0.27752
0.352012
0.42225
0.475912
0.528114
0.577121
0.614959
0.651916
0.696657
0.733572
0.740528
0.710677
0.679909
0.64914
0.61128
0.565654
0.507029
0.435233
0.353932
0.26551
0.187866
0.125742
0.0883757
0.0884078
0.151814
0.263229
0.346578
0.41024
0.462316
0.507975
0.544504
0.570001
0.126595
0.15206
0.182492
0.220689
0.263864
0.30367
0.335944
0.362599
0.386477
0.400459
0.413528
0.432836
0.444243
0.456649
0.501736
0.563453
0.6256
0.657976
0.664785
0.654515
0.628611
0.583811
0.52699
0.462197
0.393383
0.334666
0.301142
0.270711
0.246708
0.236774
0.234611
0.240274
0.253006
0.259163
0.252669
0.228454
0.202957
0.171336
0.133475
0.0956143
0.0701815
0.0558408
0.0559436
0.073643
0.0990757
0.120823
0.152087
0.178742
0.207956
0.252414
0.307028
0.354241
0.398942
0.452252
0.506514
0.533505
0.541667
0.54827
0.545173
0.512067
0.445302
0.340557
0.219738
0.107368
0.0323529
0.0186543
0.0397498
0.0887345
0.151701
0.22784
0.32126
0.405061
0.484869
0.562421
0.619855
0.670828
0.710215
0.735996
0.754907
0.742848
0.712732
0.674502
0.62854
0.570181
0.506622
0.435266
0.353964
0.26551
0.186648
0.120459
0.0895447
0.0961412
0.143484
0.213331
0.284422
0.335248
0.373478
0.411675
0.443297
0.468425
0.482407
0.239578
0.265043
0.296736
0.327526
0.347171
0.366375
0.386873
0.410752
0.42507
0.436613
0.449313
0.462045
0.469914
0.471195
0.499264
0.551107
0.606971
0.650597
0.662753
0.652439
0.626903
0.597694
0.564008
0.5036
0.437075
0.368641
0.314831
0.275982
0.236567
0.201125
0.169737
0.154064
0.15769
0.157722
0.151115
0.132225
0.108347
0.0878488
0.0674264
0.054694
0.0558408
0.0701815
0.0956143
0.133475
0.171336
0.207924
0.246154
0.284351
0.320951
0.352991
0.380357
0.412915
0.450694
0.495395
0.530184
0.55778
0.56591
0.572094
0.57111
0.54752
0.479027
0.378315
0.265364
0.156668
0.0841635
0.0561995
0.0509059
0.0821689
0.145261
0.220074
0.310114
0.398904
0.48613
0.563714
0.621148
0.664589
0.701559
0.709618
0.713329
0.691875
0.660296
0.614638
0.558486
0.488667
0.418816
0.341568
0.26426
0.186648
0.126616
0.0948482
0.107624
0.156217
0.226031
0.283558
0.310479
0.332156
0.350708
0.368451
0.386151
0.395225
0.399823
0.361343
0.386776
0.403644
0.410496
0.405822
0.413251
0.424734
0.437803
0.449345
0.455573
0.462148
0.474881
0.478935
0.478935
0.487286
0.519821
0.562649
0.607074
0.635425
0.627414
0.614242
0.596808
0.574637
0.524957
0.464213
0.405486
0.354659
0.309946
0.263565
0.21396
0.166748
0.118878
0.0953372
0.0829414
0.0752513
0.073643
0.0733064
0.068676
0.0751485
0.0968639
0.133138
0.16476
0.195224
0.233421
0.271618
0.314826
0.354181
0.379961
0.399269
0.412002
0.424734
0.444873
0.475337
0.508567
0.545043
0.560687
0.572197
0.583446
0.568252
0.530886
0.479652
0.410746
0.321537
0.234388
0.182492
0.159467
0.159467
0.175948
0.20882
0.263233
0.334313
0.403257
0.468506
0.530581
0.574599
0.601346
0.62218
0.633722
0.633587
0.609415
0.569969
0.519794
0.461099
0.397405
0.327586
0.251528
0.182931
0.132833
0.113167
0.120416
0.170199
0.237514
0.296291
0.323495
0.332514
0.342329
0.343242
0.337063
0.337166
0.334335
0.322619
0.485836
0.497737
0.485678
0.475408
0.456415
0.444873
0.44396
0.450535
0.456763
0.455573
0.45591
0.467056
0.468305
0.468305
0.468337
0.480652
0.507029
0.537461
0.569154
0.586022
0.582305
0.577235
0.561105
0.524957
0.474364
0.43126
0.39184
0.353746
0.321397
0.270108
0.200374
0.14287
0.107428
0.0921959
0.0875655
0.100613
0.120743
0.139632
0.164792
0.195224
0.233421
0.271618
0.308251
0.341449
0.367229
0.39303
0.423484
0.436217
0.437803
0.437803
0.437803
0.455502
0.480652
0.50578
0.534103
0.550509
0.557073
0.561758
0.530886
0.495183
0.462208
0.412865
0.365989
0.327558
0.296736
0.283656
0.283656
0.297649
0.315707
0.330362
0.359892
0.392806
0.434384
0.473831
0.507121
0.532554
0.544847
0.544531
0.533439
0.511692
0.473831
0.429445
0.372358
0.309033
0.240077
0.181323
0.145229
0.13617
0.14713
0.195599
0.256485
0.302784
0.329787
0.345215
0.348905
0.342666
0.332514
0.316951
0.297746
0.277352
0.245034
0.582751
0.57693
0.558062
0.536212
0.507029
0.475337
0.451399
0.443655
0.442097
0.43095
0.429701
0.430554
0.423979
0.423979
0.430554
0.430923
0.43833
0.455693
0.474685
0.497656
0.518631
0.537511
0.532675
0.5036
0.47031
0.443596
0.412311
0.388063
0.367984
0.34034
0.28897
0.238073
0.201381
0.184931
0.184931
0.196414
0.215722
0.246154
0.277776
0.308251
0.341449
0.367229
0.392694
0.412002
0.424734
0.437466
0.450535
0.457111
0.457079
0.450503
0.437803
0.444063
0.461426
0.480375
0.504649
0.518643
0.517116
0.500482
0.473799
0.449872
0.43207
0.407898
0.394334
0.386537
0.378771
0.385885
0.39201
0.391167
0.391504
0.391504
0.399269
0.412002
0.421353
0.439052
0.46298
0.474522
0.470837
0.456496
0.442177
0.417049
0.385427
0.340623
0.290997
0.239986
0.194909
0.164434
0.164097
0.183762
0.233492
0.28195
0.315549
0.342519
0.356339
0.361637
0.355398
0.343997
0.324685
0.298133
0.266532
0.2252
0.162369
0.621621
0.620296
0.607666
0.58257
0.550194
0.51285
0.468425
0.42651
0.38746
0.366637
0.347329
0.329618
0.316886
0.316886
0.329618
0.341101
0.348866
0.356588
0.369321
0.393324
0.42869
0.46198
0.482837
0.469045
0.451345
0.432429
0.413457
0.405714
0.393286
0.376581
0.366952
0.342421
0.321864
0.30912
0.307871
0.310669
0.317478
0.342954
0.373408
0.392694
0.412002
0.424734
0.437466
0.444019
0.455562
0.469555
0.480679
0.480679
0.469555
0.450595
0.42632
0.416968
0.418218
0.429445
0.446797
0.458361
0.442226
0.429445
0.411746
0.406676
0.408518
0.406078
0.406046
0.406149
0.40498
0.421093
0.427668
0.417712
0.417376
0.412409
0.412306
0.425038
0.431511
0.431543
0.437803
0.437803
0.434967
0.411088
0.380298
0.34834
0.309795
0.257739
0.2157
0.194865
0.183089
0.182133
0.209227
0.263924
0.318897
0.34135
0.361408
0.369071
0.375282
0.369044
0.356729
0.337417
0.310865
0.271835
0.235433
0.168885
0.0940282
0.640521
0.636804
0.62867
0.614791
0.581897
0.538374
0.480565
0.403752
0.315331
0.258603
0.226846
0.209147
0.196751
0.196751
0.209147
0.221879
0.234611
0.247344
0.260076
0.277776
0.3095
0.352664
0.401976
0.419175
0.413251
0.408181
0.406932
0.401997
0.395758
0.399198
0.405426
0.404236
0.404204
0.40516
0.398922
0.392694
0.392694
0.399269
0.412338
0.42388
0.43783
0.455562
0.475744
0.492792
0.506774
0.519789
0.526397
0.519821
0.500177
0.472245
0.429418
0.381221
0.356691
0.347329
0.345855
0.353545
0.357681
0.359566
0.355229
0.374141
0.393053
0.394639
0.401214
0.406149
0.411219
0.423951
0.424288
0.422702
0.417376
0.411116
0.406181
0.412338
0.419767
0.419767
0.412002
0.399269
0.379961
0.348024
0.302094
0.258854
0.214532
0.178752
0.176829
0.183089
0.194865
0.228535
0.289389
0.345612
0.374244
0.386873
0.394199
0.389264
0.381776
0.367853
0.35015
0.323597
0.284231
0.236683
0.17665
0.106761
0.0449406
0.634223
0.632637
0.616583
0.60102
0.575761
0.534429
0.464687
0.359174
0.251055
0.15914
0.114231
0.100217
0.0940602
0.0940602
0.100217
0.11295
0.125682
0.138414
0.151147
0.165129
0.195224
0.239681
0.289002
0.332493
0.352137
0.367668
0.374141
0.381803
0.39295
0.400796
0.412338
0.425141
0.424288
0.427668
0.428918
0.430108
0.428859
0.425434
0.442829
0.456539
0.473902
0.506774
0.538711
0.556442
0.574995
0.582761
0.581206
0.568442
0.531831
0.487058
0.429656
0.358261
0.295746
0.251728
0.232502
0.233976
0.248305
0.276597
0.302816
0.334754
0.360159
0.371978
0.384711
0.392535
0.39872
0.406149
0.406149
0.406149
0.398416
0.38721
0.385624
0.385624
0.385624
0.377858
0.352991
0.320951
0.284351
0.246122
0.201767
0.160221
0.140555
0.150196
0.174411
0.201462
0.247843
0.313572
0.36611
0.393449
0.407268
0.418414
0.414729
0.399475
0.380586
0.356442
0.329755
0.296627
0.24284
0.17665
0.113233
0.0573365
0.0135958
0.60315
0.596912
0.582989
0.558877
0.530549
0.487548
0.428853
0.332792
0.213265
0.106988
0.0397275
0.0187571
0.018693
0.018693
0.0187251
0.0248822
0.037278
0.0500104
0.0627428
0.0754752
0.0952778
0.13153
0.176019
0.226917
0.270499
0.306534
0.328618
0.355251
0.369174
0.385624
0.406181
0.422599
0.423038
0.424288
0.429255
0.441683
0.449089
0.462778
0.492792
0.518213
0.532564
0.574995
0.613709
0.627723
0.639206
0.639543
0.626392
0.594455
0.542367
0.486091
0.423646
0.353795
0.279378
0.209814
0.165041
0.156048
0.16296
0.189077
0.233492
0.278173
0.310479
0.337552
0.355192
0.367588
0.369174
0.375646
0.375646
0.369071
0.362262
0.354855
0.343709
0.335944
0.329135
0.302062
0.252414
0.207956
0.177493
0.145903
0.115785
0.112591
0.131247
0.168254
0.215803
0.276656
0.340286
0.385427
0.417408
0.431228
0.432429
0.422472
0.418447
0.399546
0.369174
0.334722
0.296291
0.237514
0.168917
0.106761
0.0573365
0.0148454
3.20464e-005
0.518996
0.520636
0.512779
0.49389
0.463854
0.430592
0.391248
0.325744
0.220379
0.133251
0.0747799
0.0322888
0.0187251
0.018693
0.018693
0.018693
0.0199426
0.0249096
0.0311695
0.0348869
0.0312016
0.0385054
0.0760295
0.125709
0.182867
0.239122
0.283895
0.32074
0.341606
0.360495
0.385624
0.401214
0.406149
0.407431
0.424815
0.46236
0.491835
0.518549
0.556106
0.583674
0.607194
0.640456
0.672078
0.682289
0.678278
0.657677
0.627257
0.576664
0.525702
0.47763
0.424239
0.361016
0.299822
0.232411
0.172291
0.140923
0.144316
0.156711
0.169401
0.19681
0.238747
0.27807
0.303882
0.318141
0.329624
0.337085
0.33051
0.318114
0.305441
0.297644
0.285014
0.26418
0.233389
0.195192
0.150838
0.108347
0.0829139
0.0747302
0.087229
0.117661
0.163683
0.227313
0.302121
0.367033
0.429108
0.462675
0.475641
0.483102
0.476527
0.454779
0.419461
0.379199
0.341895
0.289775
0.226031
0.156185
0.0940282
0.0449406
0.0135958
3.20464e-005
0
0.418848
0.431445
0.433086
0.425597
0.411615
0.389009
0.362251
0.324178
0.282014
0.231884
0.176019
0.131562
0.101467
0.0940602
0.0940602
0.0940602
0.0940602
0.0940282
0.0878711
0.0754752
0.0627428
0.0500425
0.0521234
0.080969
0.119269
0.168874
0.221064
0.272016
0.30429
0.32482
0.348617
0.368767
0.381477
0.412865
0.449513
0.494781
0.54051
0.583337
0.621116
0.645363
0.664356
0.68311
0.689718
0.68356
0.653085
0.614888
0.579457
0.527706
0.47745
0.450367
0.41593
0.368195
0.329042
0.292219
0.257572
0.214532
0.179111
0.164434
0.157961
0.157961
0.16477
0.18535
0.21569
0.239937
0.260435
0.271815
0.267184
0.260691
0.241443
0.222238
0.201708
0.171336
0.133475
0.0952778
0.0574491
0.0434671
0.0508738
0.0825774
0.125709
0.182899
0.251191
0.32226
0.395851
0.456132
0.506959
0.539852
0.552617
0.558742
0.544819
0.508311
0.454246
0.384417
0.313011
0.225704
0.144734
0.0812958
0.0322082
0.00743872
3.20464e-005
0
0
0.32101
0.348084
0.36105
0.367598
0.367538
0.361278
0.357561
0.348605
0.342204
0.326336
0.28897
0.245838
0.214114
0.196751
0.195501
0.195501
0.195501
0.189344
0.176612
0.163879
0.151147
0.138382
0.119525
0.10796
0.11384
0.139072
0.17447
0.214254
0.257408
0.290638
0.316401
0.350066
0.387927
0.438184
0.482934
0.540102
0.589055
0.61829
0.645048
0.656487
0.651916
0.651939
0.640456
0.627691
0.596406
0.552725
0.519718
0.481206
0.448334
0.424847
0.405854
0.387786
0.372555
0.348676
0.329787
0.30367
0.270305
0.228514
0.189045
0.161678
0.143979
0.126573
0.127268
0.14499
0.163847
0.176612
0.183187
0.17658
0.15769
0.132562
0.107097
0.0816323
0.0561675
0.0310713
0.0310713
0.0574171
0.100245
0.151174
0.208364
0.276656
0.346443
0.411441
0.469952
0.52706
0.570513
0.599667
0.621083
0.627762
0.614741
0.574627
0.499248
0.396454
0.291246
0.19962
0.111998
0.0446945
0.0200067
0.018693
0.018693
0.018693
0.018693
0.219151
0.270499
0.302816
0.323211
0.337481
0.351404
0.368707
0.376532
0.381467
0.38157
0.374717
0.353801
0.329662
0.315636
0.311919
0.311919
0.310669
0.298273
0.285541
0.272809
0.260076
0.241187
0.215722
0.190289
0.172231
0.170623
0.189615
0.21971
0.246425
0.284285
0.32864
0.373048
0.411538
0.455893
0.50536
0.559638
0.589211
0.600987
0.602595
0.601009
0.589831
0.582761
0.569175
0.55641
0.535956
0.503421
0.476183
0.455665
0.437933
0.430108
0.423848
0.411148
0.399606
0.385624
0.373228
0.365126
0.348779
0.321337
0.271657
0.209645
0.16358
0.131306
0.106178
0.093782
0.0942003
0.106564
0.112689
0.106564
0.0941682
0.0801863
0.062519
0.0496837
0.0447167
0.0574491
0.0952778
0.138442
0.195295
0.252382
0.308278
0.365783
0.418321
0.468729
0.52086
0.560279
0.599667
0.635088
0.654384
0.653531
0.646413
0.599755
0.511931
0.413821
0.314717
0.227096
0.154173
0.114231
0.100217
0.0940602
0.0940602
0.0940602
0.0940602
0.119237
0.187834
0.250665
0.291997
0.323495
0.35015
0.367821
0.380554
0.388411
0.399503
0.412002
0.416968
0.410393
0.405426
0.411562
0.417719
0.412784
0.400052
0.38732
0.374587
0.360605
0.335477
0.310012
0.285797
0.265299
0.247376
0.245767
0.259098
0.278046
0.304761
0.346675
0.397268
0.441726
0.479923
0.51568
0.536515
0.542987
0.550384
0.544227
0.532168
0.519853
0.513246
0.505524
0.494736
0.487286
0.47613
0.465866
0.45347
0.441987
0.435075
0.425141
0.419816
0.418555
0.419848
0.424478
0.424815
0.416136
0.39691
0.359626
0.308278
0.252414
0.202734
0.163243
0.139072
0.11891
0.112753
0.112753
0.112753
0.111504
0.106537
0.106434
0.114199
0.126932
0.157027
0.195224
0.239681
0.295578
0.357958
0.399013
0.429701
0.457942
0.506981
0.547618
0.577947
0.609987
0.634251
0.640961
0.638647
0.607857
0.556046
0.493634
0.423396
0.354431
0.291339
0.252343
0.226846
0.209147
0.196751
0.195501
0.195501
0.195501
0.0573365
0.119493
0.19435
0.262147
0.304393
0.329755
0.350284
0.367924
0.386814
0.407371
0.425038
0.437874
0.442841
0.442841
0.450606
0.463338
0.463236
0.450503
0.437771
0.425038
0.407339
0.381906
0.362599
0.34953
0.336797
0.325314
0.324021
0.331227
0.345709
0.365647
0.396122
0.431851
0.473658
0.507073
0.517621
0.518902
0.518902
0.513935
0.500267
0.499436
0.494405
0.480771
0.469228
0.461382
0.456415
0.455134
0.448661
0.438787
0.429413
0.423005
0.427869
0.441851
0.462348
0.481521
0.494254
0.508258
0.505443
0.47663
0.442107
0.405202
0.364147
0.314467
0.271303
0.239578
0.214114
0.196751
0.195501
0.195501
0.195501
0.196751
0.209147
0.221879
0.239578
0.271303
0.3095
0.351383
0.392438
0.429701
0.450199
0.464121
0.481853
0.513811
0.550482
0.578457
0.596156
0.607465
0.600814
0.581506
0.538743
0.500486
0.461952
0.417495
0.375917
0.362354
0.36167
0.347329
0.329618
0.316886
0.311919
0.311919
0.311919
0.0148454
0.0623034
0.125753
0.199317
0.262147
0.295714
0.321076
0.342856
0.372891
0.398356
0.418913
0.436581
0.449416
0.454719
0.466202
0.478935
0.486364
0.474881
0.462148
0.449416
0.430424
0.411116
0.398383
0.385683
0.380357
0.384988
0.399013
0.416713
0.436922
0.44935
0.460708
0.485868
0.506426
0.524125
0.537237
0.549633
0.56348
0.565018
0.557328
0.55072
0.53807
0.512942
0.487477
0.456686
0.430885
0.405473
0.389974
0.396046
0.403915
0.416881
0.450111
0.494547
0.537315
0.558518
0.577794
0.589592
0.578386
0.552482
0.515578
0.482706
0.449476
0.407621
0.378017
0.34891
0.323402
0.305659
0.305702
0.310669
0.311919
0.315636
0.323402
0.329874
0.343899
0.37305
0.40509
0.425984
0.449862
0.464121
0.476854
0.475929
0.482189
0.507285
0.532494
0.554329
0.560589
0.548716
0.53068
0.500616
0.473799
0.44984
0.424407
0.407044
0.404605
0.416055
0.428451
0.429701
0.430554
0.423979
0.417751
0.417751
0.417751
3.20464e-005
0.0148454
0.0623034
0.125753
0.19435
0.245698
0.278928
0.309257
0.342519
0.372891
0.398356
0.418913
0.436581
0.449416
0.462148
0.474881
0.486364
0.478935
0.466202
0.45347
0.43702
0.423951
0.411251
0.412082
0.429445
0.448774
0.477956
0.504638
0.52117
0.528517
0.532586
0.551079
0.557595
0.565338
0.583353
0.602345
0.632441
0.653433
0.6457
0.626474
0.589863
0.548808
0.505328
0.459397
0.41619
0.38415
0.359935
0.361207
0.380155
0.417103
0.468076
0.530413
0.595683
0.643169
0.651689
0.646619
0.623909
0.597195
0.559057
0.521197
0.489227
0.456047
0.42513
0.41073
0.397661
0.392357
0.392591
0.399166
0.405373
0.405394
0.405426
0.405426
0.410393
0.418555
0.436276
0.449313
0.463236
0.46974
0.475897
0.476854
0.469088
0.476913
0.49277
0.500248
0.491233
0.459621
0.440672
0.422016
0.411746
0.400855
0.400855
0.412306
0.425141
0.437874
0.450606
0.45591
0.467056
0.468305
0.469496
0.469496
0.469496
0
3.20464e-005
0.0148454
0.0623034
0.119493
0.175357
0.22013
0.25962
0.297714
0.330977
0.361349
0.386814
0.407371
0.425038
0.437771
0.450503
0.463236
0.463338
0.450606
0.437874
0.428859
0.417744
0.423543
0.454594
0.485026
0.518316
0.556481
0.579528
0.571158
0.577326
0.588391
0.600759
0.602242
0.608513
0.622404
0.642625
0.673393
0.715591
0.71396
0.676729
0.624191
0.563419
0.50623
0.4553
0.413386
0.387584
0.362456
0.354968
0.372667
0.415853
0.466783
0.530413
0.595683
0.649407
0.660427
0.659074
0.636745
0.61003
0.571892
0.540157
0.507345
0.469218
0.44409
0.442504
0.431358
0.430108
0.437874
0.437874
0.431717
0.436684
0.442841
0.442841
0.442841
0.442841
0.444031
0.450606
0.457111
0.458301
0.457964
0.450199
0.431287
0.424478
0.414768
0.39671
0.37901
0.365131
0.354241
0.354556
0.361408
0.372891
0.386873
0.406181
0.423848
0.436581
0.449313
0.462148
0.474881
0.480184
0.49133
0.49258
0.49258
0
0
3.20464e-005
0.0148454
0.0573365
0.101794
0.144958
0.188122
0.233748
0.271842
0.305105
0.335477
0.360605
0.374587
0.38732
0.400052
0.412784
0.417719
0.411562
0.399198
0.400133
0.418745
0.4551
0.498601
0.544623
0.595152
0.624693
0.615464
0.601439
0.603878
0.620948
0.622463
0.622463
0.622127
0.63361
0.647928
0.67711
0.709689
0.714319
0.671741
0.614236
0.557047
0.507726
0.457469
0.422989
0.397524
0.378635
0.366239
0.374107
0.405697
0.445144
0.494547
0.544227
0.577794
0.600428
0.618486
0.619181
0.59395
0.558296
0.536234
0.499959
0.462158
0.447808
0.442841
0.44165
0.441987
0.45222
0.45222
0.441074
0.441074
0.453133
0.454383
0.449416
0.442841
0.436613
0.430374
0.436553
0.435304
0.423821
0.404573
0.378874
0.33865
0.298017
0.272216
0.253224
0.245458
0.252311
0.277787
0.310142
0.335944
0.360159
0.385287
0.399269
0.412338
0.431646
0.449313
0.462045
0.474881
0.487613
0.49258
0.49258
0
0
0
3.20464e-005
0.0135958
0.043691
0.0754157
0.107097
0.146207
0.184068
0.21569
0.241187
0.260076
0.272809
0.285541
0.298273
0.310669
0.313168
0.318167
0.335492
0.366837
0.417354
0.476152
0.538901
0.602195
0.644468
0.647971
0.629213
0.611616
0.614997
0.616224
0.622127
0.614373
0.603226
0.60853
0.619779
0.625936
0.63369
0.633658
0.606667
0.557323
0.50792
0.468473
0.435602
0.411767
0.39935
0.394351
0.386944
0.385651
0.399665
0.422272
0.448671
0.486532
0.506986
0.519506
0.538477
0.556085
0.551568
0.530114
0.501209
0.472908
0.440928
0.423565
0.42388
0.430108
0.436684
0.444449
0.444449
0.436684
0.431717
0.437874
0.442841
0.436581
0.42388
0.412338
0.399269
0.394302
0.386873
0.367668
0.334102
0.290547
0.233524
0.182828
0.150452
0.132752
0.121606
0.139664
0.176335
0.220657
0.263864
0.30367
0.329368
0.349866
0.374081
0.39921
0.413528
0.432836
0.450503
0.463236
0.469496
0.469496
0
0
0
0
3.20464e-005
0.00743872
0.0248015
0.0437939
0.0676503
0.0943647
0.119493
0.138382
0.151147
0.163879
0.176612
0.189376
0.20294
0.220303
0.246702
0.289529
0.335193
0.404441
0.477978
0.548156
0.599759
0.622436
0.628849
0.622296
0.603048
0.596575
0.588869
0.582365
0.562263
0.549633
0.540618
0.536869
0.537184
0.545286
0.545286
0.526081
0.491938
0.466832
0.442932
0.425201
0.416186
0.416186
0.414936
0.40254
0.398823
0.411219
0.418984
0.420266
0.431287
0.444976
0.447144
0.44873
0.460213
0.472241
0.465768
0.442177
0.411643
0.387471
0.379961
0.388063
0.399606
0.412306
0.418778
0.418778
0.412306
0.406046
0.406078
0.405763
0.400459
0.387727
0.373745
0.349866
0.335504
0.316299
0.283069
0.239965
0.189371
0.138442
0.0940282
0.0524822
0.0309684
0.0323431
0.0549179
0.0828819
0.120743
0.16357
0.207924
0.244904
0.278134
0.310072
0.336726
0.360942
0.38607
0.400052
0.412784
0.417751
0.417751
0
0
0
0
0
0
0.0012496
0.00621655
0.0125085
0.0236325
0.037278
0.0500104
0.0627428
0.0754752
0.0891527
0.112591
0.144011
0.175692
0.21977
0.270699
0.32752
0.388324
0.448637
0.504453
0.533053
0.551008
0.558774
0.552617
0.533673
0.518996
0.506051
0.491792
0.466723
0.452709
0.441585
0.435662
0.443763
0.466393
0.474158
0.462055
0.456001
0.460979
0.458181
0.446698
0.435215
0.434879
0.429912
0.417516
0.416266
0.422423
0.428896
0.428896
0.423961
0.417049
0.39905
0.390992
0.386025
0.374439
0.36137
0.347329
0.323402
0.309376
0.312511
0.33514
0.349122
0.361855
0.36962
0.36962
0.361855
0.356888
0.356888
0.349122
0.33639
0.316229
0.297024
0.270369
0.241187
0.21569
0.184068
0.146207
0.106761
0.0639329
0.0309586
0.00743872
3.20464e-005
0.0012496
0.0062486
0.0186656
0.0421855
0.0701495
0.10801
0.146207
0.184068
0.21569
0.241187
0.266651
0.285541
0.298273
0.310669
0.311919
0.311919
0
0
0
0
0
0
0
0
0
0
0.0012496
0.00746615
0.0187251
0.036109
0.0621281
0.101238
0.139436
0.1826
0.239453
0.295258
0.333905
0.367461
0.411419
0.44922
0.469675
0.477776
0.483102
0.475305
0.449943
0.419184
0.40298
0.372526
0.35204
0.340916
0.334992
0.341845
0.367668
0.393062
0.420967
0.45148
0.475408
0.493107
0.500616
0.50028
0.493705
0.487161
0.480901
0.474744
0.474744
0.474776
0.475967
0.47563
0.47438
0.455377
0.418848
0.379042
0.347002
0.313804
0.278106
0.251392
0.227872
0.216693
0.233165
0.247088
0.25356
0.261326
0.271559
0.271559
0.260413
0.259163
0.258827
0.247344
0.234611
0.215722
0.190257
0.165097
0.144958
0.119829
0.0943647
0.0676503
0.0372185
0.0124057
0.00128165
0
0
0
0
0
0.00128165
0.0124057
0.0372185
0.0676503
0.0943647
0.119829
0.144958
0.163847
0.176612
0.189344
0.195501
0.195501
0.195501
0
0
0
0
0.0012496
0.00621655
0.0124765
0.0174434
0.018693
0.0187251
0.0248822
0.037278
0.0561675
0.0828819
0.125709
0.176303
0.220657
0.265114
0.314853
0.357463
0.372972
0.39184
0.413192
0.421282
0.426249
0.430891
0.423462
0.405925
0.372999
0.339487
0.290556
0.251718
0.226253
0.219994
0.227182
0.259245
0.297339
0.344165
0.404633
0.461454
0.49971
0.526761
0.544124
0.550281
0.550313
0.544106
0.539139
0.538771
0.538771
0.538771
0.537521
0.526038
0.511698
0.480211
0.434216
0.378411
0.329008
0.290474
0.252277
0.220574
0.200739
0.188507
0.188393
0.188425
0.188425
0.188425
0.188761
0.181355
0.170199
0.163939
0.152396
0.138414
0.125682
0.112918
0.0940282
0.0754752
0.0627428
0.0487608
0.0310615
0.0124057
0.00128165
0
0
0
0
0
0
0
0
0
0.00128165
0.0124057
0.0310615
0.0487608
0.0627428
0.0754752
0.0878711
0.0940282
0.0940602
0.0940602
0.0940602
0
0
3.20464e-005
0.00743872
0.0248015
0.0437939
0.0614932
0.0754752
0.0878711
0.100185
0.11295
0.126932
0.15206
0.182492
0.226949
0.277878
0.328808
0.37194
0.40398
0.424815
0.43721
0.443367
0.444905
0.432406
0.413224
0.394639
0.380716
0.353714
0.31399
0.259261
0.194414
0.139349
0.107244
0.103907
0.132257
0.172954
0.229345
0.304751
0.373412
0.431748
0.482678
0.531685
0.559589
0.577577
0.586532
0.592668
0.592668
0.586532
0.583734
0.578511
0.570745
0.553106
0.526391
0.488498
0.444144
0.393888
0.353191
0.311277
0.271787
0.241826
0.226622
0.20895
0.195337
0.188761
0.188425
0.188056
0.17566
0.157107
0.144425
0.124204
0.0938043
0.0624161
0.0385597
0.0248822
0.0187251
0.0174434
0.0124765
0.00621655
0.0012496
0
0
0
0
0
0
0
0
0
0.0012496
0.00621655
0.0124765
0.0174434
0.0199426
0.0249096
0.0311695
0.0348869
0.0311695
0.0249096
0.0199426
0.018693
0.018693
0
0.00128165
0.0185627
0.0499509
0.0803827
0.107097
0.132562
0.15769
0.177829
0.20299
0.221879
0.239578
0.265043
0.296768
0.339932
0.390862
0.440542
0.473831
0.495242
0.50784
0.514415
0.507018
0.495476
0.474685
0.429059
0.37922
0.34598
0.295932
0.233797
0.175389
0.119493
0.0623355
0.0222841
0.0310227
0.0701221
0.125323
0.201125
0.28215
0.353219
0.416576
0.472413
0.511801
0.537581
0.551872
0.570425
0.589037
0.600264
0.598161
0.588286
0.581658
0.570116
0.556134
0.532277
0.494417
0.456219
0.423348
0.392916
0.361528
0.337672
0.323658
0.303496
0.285541
0.276526
0.266336
0.25356
0.23592
0.215466
0.194936
0.1649
0.137273
0.106841
0.0751164
0.0434351
0.0186656
0.0062486
0.0012496
0
0
0
0
0
0
0
0
0.0012496
0.00621655
0.0125085
0.0236325
0.037278
0.0500104
0.0627428
0.0754752
0.0878711
0.0939961
0.0878711
0.0754752
0.0614932
0.0437939
0.0248015
0.00743872
3.20464e-005
0.00743872
0.0322082
0.0763288
0.119493
0.15894
0.1968
0.228422
0.253919
0.283101
0.309756
0.328624
0.343899
0.368115
0.398546
0.437993
0.488586
0.534549
0.565317
0.589174
0.595781
0.590455
0.583646
0.569632
0.531494
0.468228
0.398062
0.326575
0.245642
0.174807
0.120519
0.0760295
0.0335384
0.0175075
0.0273539
0.0635628
0.126339
0.204945
0.283839
0.358615
0.416974
0.455437
0.475967
0.487481
0.513441
0.545122
0.575625
0.593395
0.593699
0.582239
0.563583
0.545916
0.525695
0.500546
0.474136
0.450279
0.431255
0.413556
0.399606
0.39303
0.387727
0.374994
0.362262
0.356002
0.355666
0.347841
0.323994
0.303496
0.278134
0.244904
0.215722
0.190225
0.158603
0.120743
0.0828819
0.0561675
0.037278
0.0248822
0.0187251
0.0174434
0.0124765
0.00746615
0.00746615
0.0125085
0.0236325
0.037278
0.0500104
0.0688999
0.0943647
0.119493
0.138382
0.151147
0.163879
0.176612
0.183187
0.17658
0.15769
0.132562
0.107097
0.0803827
0.0499509
0.0185627
0.0574171
0.100245
0.151174
0.202104
0.251447
0.290835
0.322772
0.34327
0.361349
0.386477
0.400459
0.410393
0.423462
0.444019
0.48188
0.532391
0.58449
0.622687
0.648227
0.653471
0.654384
0.64626
0.625561
0.574375
0.503829
0.415952
0.328699
0.251392
0.189615
0.143908
0.107624
0.0879352
0.089071
0.113863
0.144294
0.190001
0.251169
0.319923
0.371157
0.404376
0.429781
0.441296
0.457696
0.506762
0.556154
0.586657
0.592042
0.587075
0.57424
0.555659
0.541618
0.522626
0.495052
0.474881
0.462148
0.449416
0.436684
0.430108
0.430108
0.423848
0.411116
0.398383
0.393417
0.393449
0.394639
0.387727
0.373745
0.348617
0.323152
0.305073
0.284575
0.252669
0.219439
0.182492
0.15206
0.126932
0.112918
0.0940282
0.0755073
0.0689319
0.0685954
0.0685954
0.075089
0.0943967
0.119493
0.139632
0.164792
0.190257
0.215722
0.241187
0.260076
0.272809
0.284291
0.284628
0.278134
0.253919
0.228422
0.1968
0.15894
0.120743
0.0825454
0.157027
0.201484
0.252382
0.295904
0.329471
0.361408
0.381906
0.393053
0.399606
0.418913
0.436581
0.44409
0.456486
0.469218
0.50084
0.551802
0.597662
0.635522
0.65977
0.666263
0.673415
0.665313
0.626719
0.569273
0.505334
0.428961
0.357822
0.290779
0.246681
0.216585
0.190626
0.184018
0.201381
0.226846
0.258571
0.301703
0.341568
0.377266
0.404675
0.430037
0.446513
0.465381
0.512942
0.568806
0.619806
0.636674
0.620561
0.606476
0.588809
0.568252
0.550552
0.532912
0.511133
0.480184
0.466202
0.45347
0.441987
0.44165
0.44165
0.436684
0.423951
0.411555
0.410306
0.416463
0.422935
0.422599
0.406149
0.380716
0.361408
0.354855
0.34246
0.323152
0.298937
0.278102
0.258795
0.238329
0.215722
0.190257
0.171286
0.170036
0.170036
0.171286
0.183682
0.196414
0.215722
0.246154
0.277776
0.30324
0.328705
0.35292
0.373082
0.380804
0.383602
0.381103
0.368707
0.349459
0.322804
0.290867
0.257636
0.220689
0.182492
0.271303
0.314435
0.351801
0.372635
0.39184
0.411088
0.422571
0.424157
0.424217
0.436581
0.449416
0.454383
0.46054
0.474522
0.500019
0.543123
0.5875
0.614214
0.63306
0.645896
0.643919
0.614769
0.570028
0.520012
0.469082
0.417239
0.374352
0.343959
0.331092
0.322152
0.30324
0.304153
0.323146
0.348611
0.379042
0.41105
0.430358
0.444617
0.457718
0.487754
0.515278
0.550677
0.595237
0.652678
0.688458
0.671013
0.63932
0.616654
0.596097
0.570632
0.546732
0.526202
0.50084
0.469555
0.450606
0.437874
0.430108
0.430108
0.430108
0.428859
0.416463
0.410306
0.411555
0.423951
0.431717
0.431717
0.417691
0.398383
0.385988
0.379771
0.367071
0.360159
0.34834
0.335607
0.33064
0.322815
0.303823
0.287014
0.278945
0.280237
0.285204
0.291421
0.304153
0.315636
0.323738
0.347953
0.380847
0.40628
0.425588
0.438656
0.451389
0.456356
0.450096
0.432765
0.420033
0.411942
0.386814
0.362599
0.342101
0.322559
0.295486
0.391743
0.416376
0.424478
0.43095
0.438716
0.445232
0.445568
0.444378
0.437874
0.437874
0.442841
0.442841
0.442873
0.453997
0.479125
0.512355
0.550552
0.569838
0.58319
0.58155
0.563942
0.538711
0.511996
0.473799
0.429342
0.393458
0.390623
0.391504
0.399269
0.400459
0.392694
0.40509
0.428946
0.454443
0.481157
0.500465
0.512882
0.524353
0.537917
0.572061
0.614888
0.652873
0.688239
0.717862
0.701923
0.665263
0.628256
0.595282
0.569817
0.539445
0.513948
0.488586
0.455693
0.428946
0.411562
0.399166
0.392694
0.392694
0.392694
0.39303
0.393449
0.393417
0.398383
0.411116
0.422599
0.422935
0.412745
0.399676
0.393519
0.387259
0.380684
0.380684
0.372919
0.360523
0.359273
0.354002
0.343709
0.34834
0.354497
0.360969
0.374951
0.398542
0.416285
0.416653
0.411643
0.419408
0.443623
0.455502
0.462078
0.474778
0.48751
0.49377
0.488803
0.475968
0.463236
0.444378
0.42507
0.412002
0.400519
0.392753
0.386281
0.497737
0.48814
0.475305
0.470338
0.469088
0.463165
0.457008
0.450503
0.436581
0.42388
0.41073
0.405426
0.405426
0.411686
0.425668
0.449503
0.474653
0.491162
0.497737
0.485678
0.474195
0.467642
0.449943
0.424815
0.400958
0.399676
0.412409
0.417712
0.429195
0.435331
0.430108
0.442841
0.469587
0.507029
0.538674
0.552889
0.570621
0.592053
0.621475
0.654303
0.696037
0.723682
0.725013
0.689826
0.641982
0.596276
0.557742
0.516164
0.484542
0.451616
0.425005
0.391775
0.353577
0.323146
0.311919
0.310669
0.310669
0.317142
0.324907
0.33639
0.34909
0.355666
0.362262
0.374994
0.387727
0.394302
0.390591
0.38477
0.384738
0.381021
0.380684
0.380684
0.374212
0.368055
0.368055
0.368288
0.372006
0.378266
0.390693
0.405866
0.430962
0.449079
0.462148
0.468305
0.467969
0.469116
0.48063
0.48107
0.481038
0.487613
0.500346
0.505312
0.505312
0.500346
0.487277
0.463295
0.449345
0.44277
0.442433
0.442433
0.442433
0.558318
0.53275
0.507317
0.48801
0.475277
0.464153
0.451389
0.43713
0.412915
0.385782
0.355382
0.338889
0.336091
0.340845
0.350779
0.361044
0.373776
0.392736
0.412044
0.416457
0.41149
0.410453
0.400855
0.390927
0.38602
0.398383
0.411116
0.423951
0.436684
0.444449
0.441987
0.454719
0.486005
0.530055
0.564431
0.584625
0.603514
0.63236
0.659411
0.703499
0.738246
0.725605
0.677115
0.613383
0.557742
0.502519
0.458501
0.423989
0.385792
0.354273
0.321043
0.27627
0.233106
0.201718
0.195501
0.195501
0.196751
0.209147
0.221879
0.234611
0.247344
0.260076
0.276526
0.297024
0.316229
0.336358
0.349193
0.356105
0.356105
0.359822
0.360159
0.360495
0.359305
0.359273
0.360523
0.374527
0.380787
0.385754
0.40498
0.434162
0.45222
0.453806
0.466202
0.478598
0.479848
0.487613
0.49496
0.487195
0.481038
0.481374
0.492521
0.49377
0.498737
0.504063
0.486341
0.468305
0.456763
0.456763
0.456763
0.456763
0.456763
0.570062
0.539662
0.507622
0.481821
0.457605
0.435858
0.410496
0.37194
0.327168
0.284067
0.259749
0.259413
0.265673
0.271889
0.285871
0.30975
0.32864
0.346339
0.365647
0.377434
0.385302
0.392111
0.393383
0.380987
0.379797
0.392834
0.410892
0.423592
0.430065
0.436581
0.43702
0.450666
0.481951
0.526337
0.564431
0.58831
0.601379
0.621621
0.646232
0.674844
0.680306
0.645798
0.588609
0.520348
0.463436
0.417832
0.373478
0.33572
0.304098
0.270499
0.219151
0.163287
0.11883
0.0953098
0.0940602
0.0940602
0.0940602
0.100217
0.11295
0.125682
0.138414
0.151147
0.165129
0.190257
0.215722
0.234611
0.252311
0.276494
0.290835
0.303904
0.318244
0.329391
0.33064
0.330977
0.342519
0.366702
0.372006
0.374505
0.405872
0.436347
0.444449
0.444449
0.450606
0.463338
0.468642
0.480125
0.485956
0.469148
0.456415
0.455166
0.456356
0.456356
0.462279
0.468404
0.461089
0.448693
0.442433
0.442433
0.442433
0.44277
0.449345
0.553307
0.526257
0.488396
0.451448
0.418218
0.385944
0.333743
0.270113
0.215498
0.188322
0.189615
0.206065
0.220047
0.232779
0.257907
0.289529
0.315026
0.329008
0.341404
0.354136
0.371836
0.396051
0.409941
0.410257
0.411854
0.423755
0.436488
0.437737
0.438074
0.444649
0.443763
0.44873
0.474195
0.513246
0.54489
0.554242
0.564534
0.575761
0.598418
0.594678
0.577011
0.543341
0.488726
0.429059
0.38659
0.356501
0.324847
0.284568
0.249415
0.187834
0.119237
0.062384
0.0261318
0.018693
0.018693
0.018693
0.018693
0.0187251
0.0261318
0.0434946
0.0624869
0.0801863
0.0941682
0.112721
0.131611
0.144375
0.157107
0.177269
0.196474
0.220689
0.252637
0.271842
0.279944
0.291427
0.310419
0.335548
0.343709
0.355251
0.386841
0.412306
0.418778
0.418778
0.418811
0.424968
0.437466
0.450199
0.451389
0.430891
0.406339
0.387032
0.374331
0.366566
0.36005
0.36005
0.366278
0.37657
0.386281
0.392753
0.400519
0.412002
0.42507
0.518768
0.482157
0.44277
0.3981
0.351801
0.295546
0.231916
0.177269
0.145185
0.146478
0.169503
0.196218
0.221683
0.245898
0.266428
0.293039
0.323075
0.340818
0.353191
0.367173
0.380819
0.399372
0.412136
0.424868
0.435161
0.443263
0.454643
0.462409
0.473891
0.486287
0.487473
0.481451
0.487091
0.512219
0.528669
0.522848
0.510757
0.505931
0.507057
0.494357
0.480272
0.451165
0.404186
0.361777
0.341606
0.321076
0.295378
0.249415
0.189383
0.119493
0.0573365
0.0135958
3.20464e-005
0
0
0
3.20464e-005
0.00743872
0.0248015
0.0450435
0.0677098
0.0879517
0.105315
0.112753
0.11891
0.125149
0.125486
0.130393
0.138159
0.145544
0.159467
0.177557
0.20174
0.222238
0.24641
0.273064
0.297248
0.322815
0.348312
0.362191
0.36962
0.36962
0.369957
0.376532
0.38238
0.380772
0.373082
0.346448
0.3095
0.277776
0.260076
0.247344
0.235861
0.235524
0.240491
0.25982
0.295486
0.322559
0.342101
0.362599
0.386814
0.457578
0.418191
0.373489
0.321369
0.259293
0.195663
0.145565
0.119721
0.125067
0.162433
0.20832
0.253914
0.289612
0.310511
0.329298
0.349459
0.36962
0.376173
0.381275
0.392031
0.399101
0.406539
0.424239
0.441981
0.448198
0.455268
0.463066
0.475798
0.48853
0.494688
0.48853
0.480765
0.48608
0.500084
0.500377
0.495481
0.480309
0.45643
0.435275
0.419184
0.401698
0.37651
0.348649
0.32482
0.30429
0.278928
0.239122
0.181617
0.119493
0.0623034
0.0148454
3.20464e-005
0
0
0
3.20464e-005
0.0135958
0.043691
0.0754157
0.105847
0.132562
0.15769
0.17658
0.189344
0.189344
0.177829
0.163907
0.14507
0.13073
0.11891
0.111085
0.106455
0.113346
0.133475
0.152364
0.177525
0.20299
0.233421
0.263794
0.279324
0.285797
0.286133
0.291144
0.295774
0.285541
0.272809
0.260076
0.233421
0.195224
0.165129
0.151147
0.138414
0.125682
0.119107
0.120356
0.144294
0.182492
0.220689
0.257636
0.290867
0.322804
0.360745
0.322516
0.278162
0.227569
0.175422
0.134338
0.11964
0.121606
0.168949
0.233829
0.295872
0.335678
0.355251
0.375331
0.39921
0.413192
0.420001
0.418811
0.412306
0.406181
0.413588
0.424407
0.436824
0.44922
0.45047
0.45629
0.46892
0.481348
0.487505
0.487537
0.480108
0.474885
0.478325
0.480765
0.480765
0.480733
0.474544
0.454741
0.420048
0.391981
0.373967
0.342916
0.306723
0.278754
0.253024
0.213555
0.162657
0.106761
0.0573365
0.0148454
3.20464e-005
0
0
0
0.00128165
0.0198123
0.0635964
0.106761
0.146207
0.184405
0.221016
0.247671
0.266907
0.27958
0.27958
0.266907
0.247703
0.227205
0.202957
0.172585
0.139724
0.113943
0.0921959
0.0810719
0.0751485
0.0829139
0.106761
0.1269
0.15206
0.176275
0.189344
0.195919
0.195919
0.189344
0.176612
0.163879
0.15081
0.126563
0.0952778
0.0754752
0.0627428
0.0500104
0.037278
0.0249142
0.0249142
0.0446847
0.0825454
0.120743
0.15894
0.1968
0.228422
0.253887
0.222265
0.184405
0.14499
0.116639
0.11964
0.134338
0.181681
0.251496
0.320147
0.365197
0.38477
0.399942
0.423484
0.437803
0.449345
0.457079
0.450606
0.436684
0.430445
0.441928
0.454323
0.455573
0.450563
0.442797
0.436357
0.442514
0.449616
0.455773
0.463202
0.463202
0.462866
0.456268
0.468359
0.479483
0.480765
0.474608
0.460594
0.435488
0.399469
0.362799
0.328341
0.278629
0.221879
0.171704
0.132225
0.0890612
0.0449406
0.0135958
3.20464e-005
0
0
0.00128165
0.0124057
0.0384681
0.0862627
0.138442
0.189371
0.239932
0.27688
0.297746
0.316951
0.330906
0.343242
0.343242
0.329656
0.318141
0.310376
0.29741
0.270337
0.233389
0.189035
0.139691
0.101831
0.0801268
0.054694
0.0372878
0.0385597
0.0561675
0.0816323
0.10094
0.113304
0.113304
0.10094
0.0882076
0.0754752
0.0561675
0.0310392
0.0187251
0.0174434
0.0124765
0.00621655
0.0012496
0
0
0.00128165
0.0185627
0.0499509
0.0816323
0.113314
0.145038
0.15769
0.132562
0.10588
0.0890115
0.101027
0.133089
0.189447
0.262979
0.327972
0.378842
0.406181
0.420103
0.436217
0.450535
0.462078
0.468305
0.473631
0.465866
0.443237
0.44165
0.449416
0.462148
0.467115
0.462148
0.449416
0.43702
0.43577
0.442841
0.449057
0.449089
0.447481
0.443427
0.430727
0.438074
0.463202
0.480505
0.475516
0.461626
0.442052
0.409137
0.359826
0.308805
0.246751
0.177166
0.10796
0.0627154
0.0309586
0.00743872
3.20464e-005
0.0012496
0.0062486
0.0186656
0.0421855
0.0701495
0.112977
0.170167
0.233492
0.289297
0.322978
0.342519
0.356442
0.367924
0.386477
0.394536
0.388411
0.375331
0.368837
0.367588
0.356442
0.348676
0.329135
0.289329
0.239649
0.189035
0.146207
0.10801
0.0688999
0.0384681
0.0186543
0.0199473
0.0359964
0.0438213
0.0441578
0.0429082
0.0376048
0.0247695
0.00743872
3.20464e-005
0
0
0
0
0
0
0
0
6.40928e-005
0.0148774
0.0496031
0.0875877
0.122986
0.0754752
0.0614932
0.0512326
0.0697422
0.114199
0.181681
0.262979
0.328309
0.377988
0.418566
0.4377
0.445129
0.451725
0.463268
0.469496
0.468305
0.468305
0.455573
0.435075
0.430108
0.436581
0.449313
0.455573
0.454323
0.441928
0.43577
0.43702
0.449416
0.454383
0.455573
0.455573
0.449313
0.436917
0.4357
0.443138
0.461355
0.467278
0.454524
0.429118
0.404546
0.364822
0.301762
0.233165
0.161994
0.088398
0.0260015
0.0013137
0.00128165
0.0124057
0.0310615
0.0549179
0.0828819
0.120743
0.16357
0.214184
0.270081
0.326336
0.365229
0.378195
0.38596
0.397106
0.399942
0.418913
0.431614
0.425038
0.411116
0.398752
0.398693
0.398356
0.397106
0.385624
0.366375
0.334102
0.289329
0.246122
0.201767
0.151174
0.10801
0.0701495
0.0421855
0.0199152
0.0124651
0.0124765
0.0112269
0.00621655
0.0012496
0
0
0
0
0
0
0
0
0
3.20464e-005
0.0135958
0.043691
0.0766653
0.112064
0.145038
0.0174434
0.0137581
0.0371752
0.0903108
0.162657
0.246561
0.332879
0.386667
0.423533
0.450567
0.46405
0.459997
0.456285
0.456388
0.454829
0.443346
0.428946
0.411247
0.398617
0.392694
0.400459
0.413192
0.418159
0.418495
0.418913
0.418881
0.423848
0.436581
0.44409
0.455236
0.455573
0.450606
0.444449
0.444449
0.450606
0.45836
0.456752
0.448357
0.417049
0.386645
0.347257
0.309104
0.257756
0.189116
0.120487
0.0624161
0.0323209
0.0434351
0.0688999
0.0956143
0.133475
0.176303
0.220657
0.265146
0.32101
0.365783
0.397764
0.412338
0.419767
0.419767
0.420103
0.42388
0.436581
0.449416
0.449079
0.425201
0.417376
0.418881
0.418913
0.420103
0.419767
0.410752
0.385624
0.361408
0.335607
0.297095
0.251164
0.207924
0.16357
0.120743
0.0828819
0.0549179
0.0310615
0.0124057
0.00128165
0
0
0
0
0
0
0
0
0
0.00128165
0.0198123
0.0635964
0.106761
0.146207
0.184405
0.222265
0
0.0124057
0.0639329
0.137192
0.221096
0.313604
0.386585
0.437494
0.468235
0.483379
0.487929
0.4653
0.438666
0.417598
0.385586
0.353545
0.323146
0.304153
0.296388
0.30324
0.322489
0.341357
0.350372
0.361855
0.374555
0.38113
0.387727
0.400459
0.410393
0.423126
0.430037
0.435363
0.435668
0.436917
0.449313
0.463236
0.463236
0.445568
0.423821
0.393449
0.360555
0.3401
0.319266
0.276656
0.219151
0.169444
0.138969
0.140577
0.164792
0.195224
0.233421
0.277878
0.328808
0.376848
0.410496
0.429701
0.439906
0.445129
0.445129
0.4377
0.431543
0.431298
0.437874
0.447808
0.446558
0.422679
0.417376
0.418881
0.425038
0.431511
0.431511
0.420103
0.407371
0.398356
0.385624
0.366375
0.340595
0.308637
0.265114
0.220657
0.176303
0.133475
0.0943647
0.0626833
0.0309586
0.00743872
3.20464e-005
0
0
0
0
0
0.00128165
0.0124057
0.0384681
0.0862627
0.138442
0.189371
0.239965
0.284319
0.322548
0.0074982
0.049695
0.122954
0.201848
0.290638
0.379705
0.443683
0.48307
0.508567
0.52587
0.515974
0.486564
0.428825
0.351969
0.278769
0.233106
0.201381
0.183682
0.172536
0.190257
0.215722
0.234611
0.247344
0.260076
0.272809
0.285541
0.301991
0.322152
0.336134
0.356632
0.380815
0.400123
0.407035
0.412002
0.425984
0.449862
0.450535
0.444307
0.437743
0.413528
0.399606
0.393133
0.385368
0.365446
0.32351
0.289915
0.264451
0.258527
0.277776
0.308251
0.341481
0.378353
0.418159
0.448949
0.457964
0.464121
0.46286
0.451655
0.445161
0.438656
0.425924
0.416968
0.416632
0.409741
0.404774
0.397427
0.391504
0.399269
0.412002
0.419767
0.420103
0.418811
0.418811
0.420103
0.419767
0.412002
0.39802
0.374141
0.353306
0.322559
0.276597
0.227232
0.176639
0.132225
0.0890612
0.0449406
0.0135958
3.20464e-005
0
0
3.20464e-005
0.00743872
0.0309586
0.0639329
0.111727
0.170167
0.233492
0.290579
0.340291
0.386253
0.424348
0.062384
0.124204
0.201848
0.290302
0.37901
0.455725
0.502024
0.538635
0.55911
0.576441
0.563871
0.516034
0.422832
0.308641
0.205868
0.137495
0.0949831
0.0763386
0.0755073
0.0940282
0.112918
0.125682
0.138414
0.151147
0.163879
0.176612
0.190594
0.209147
0.226846
0.252311
0.277776
0.30324
0.327423
0.348024
0.373782
0.411643
0.43721
0.456132
0.457615
0.451122
0.45109
0.45109
0.45109
0.444281
0.42875
0.409474
0.390269
0.38527
0.393351
0.411387
0.435602
0.451192
0.468811
0.472283
0.46974
0.46974
0.464458
0.450139
0.426261
0.404573
0.385031
0.3543
0.328081
0.302648
0.296388
0.302616
0.316044
0.340595
0.366375
0.385624
0.398356
0.407371
0.420103
0.431511
0.431511
0.42507
0.420103
0.412002
0.399606
0.390591
0.359903
0.321337
0.271657
0.214836
0.163907
0.111727
0.0635964
0.0198123
0.00128165
3.20464e-005
0.0135958
0.0449406
0.0890612
0.137192
0.195631
0.263924
0.332461
0.385031
0.423462
0.456692
0.493303
0.163287
0.220433
0.296491
0.379042
0.468201
0.539466
0.576414
0.603465
0.627403
0.628755
0.606047
0.530543
0.429021
0.319755
0.200869
0.11509
0.0698228
0.048537
0.036109
0.0249737
0.0261318
0.037278
0.0500104
0.0627428
0.0754752
0.0878711
0.0940282
0.100217
0.114199
0.139328
0.164792
0.190257
0.215754
0.253592
0.314163
0.372542
0.428363
0.492961
0.520268
0.526425
0.526457
0.525207
0.520577
0.513127
0.507915
0.507579
0.498601
0.497454
0.503894
0.512969
0.524452
0.524788
0.525978
0.518469
0.489699
0.464549
0.450199
0.42507
0.398079
0.354995
0.313604
0.257348
0.207641
0.177166
0.171862
0.177166
0.207956
0.251164
0.297095
0.335607
0.361408
0.385624
0.410752
0.419767
0.420103
0.42507
0.431543
0.431228
0.432499
0.43125
0.412338
0.385683
0.353409
0.314762
0.258957
0.195631
0.138442
0.0875123
0.0447167
0.0384779
0.069845
0.112977
0.163907
0.221096
0.288107
0.348052
0.399329
0.438716
0.475327
0.502041
0.527843
0.27627
0.328449
0.397932
0.473109
0.550693
0.615443
0.638777
0.661802
0.679513
0.671807
0.62517
0.543585
0.452018
0.346442
0.238996
0.178774
0.145871
0.108347
0.0816323
0.0549179
0.0310615
0.0136553
0.0074982
0.0124765
0.0174434
0.018693
0.018693
0.0187251
0.0248822
0.0446847
0.0751164
0.106873
0.149619
0.202375
0.264092
0.327786
0.403924
0.498503
0.561274
0.582445
0.587668
0.578071
0.570225
0.554143
0.550095
0.562459
0.563871
0.569143
0.588494
0.605856
0.614453
0.614453
0.602068
0.57813
0.543314
0.492721
0.449616
0.409316
0.359311
0.294324
0.222346
0.157434
0.100277
0.0636062
0.0557813
0.0701815
0.10801
0.151174
0.201767
0.246122
0.289329
0.334102
0.366375
0.385624
0.398356
0.412002
0.426261
0.437803
0.444275
0.445465
0.443982
0.42507
0.404909
0.390693
0.351801
0.295546
0.239681
0.188752
0.151701
0.151701
0.175916
0.214216
0.265114
0.313604
0.354995
0.398079
0.431228
0.467839
0.494889
0.519164
0.544597
0.391775
0.437369
0.48207
0.534527
0.596602
0.649038
0.665883
0.67248
0.678719
0.666552
0.614046
0.544167
0.46185
0.381738
0.315973
0.278134
0.244904
0.207924
0.171336
0.133475
0.0943647
0.0626833
0.0309586
0.00743872
3.20464e-005
0
0
3.20464e-005
0.00743872
0.0260832
0.0561995
0.0999614
0.156771
0.208614
0.260375
0.322146
0.390459
0.473358
0.556204
0.599233
0.607335
0.602324
0.590782
0.58262
0.573092
0.592064
0.60289
0.608552
0.633104
0.659818
0.683686
0.689527
0.67649
0.650689
0.602595
0.543868
0.475342
0.409127
0.327857
0.244392
0.168254
0.0937014
0.0334899
0.00743872
0.0013137
0.0124057
0.0372185
0.0688999
0.10801
0.146207
0.189035
0.239649
0.289329
0.329135
0.353643
0.37539
0.410415
0.424734
0.438993
0.452073
0.458198
0.451389
0.443982
0.432836
0.416968
0.386281
0.351383
0.302984
0.277183
0.277183
0.297681
0.327168
0.359566
0.379108
0.399606
0.425011
0.450171
0.470647
0.494585
0.513545
0.532853
0.475305
0.500433
0.52593
0.557552
0.596998
0.640521
0.659889
0.664856
0.659846
0.631186
0.576571
0.514447
0.452312
0.406371
0.375054
0.354833
0.335628
0.308637
0.271554
0.227232
0.176639
0.133475
0.0940282
0.0512005
0.0185627
0.00128165
0.00128165
0.0185627
0.0499509
0.0803827
0.108347
0.152424
0.207984
0.257316
0.289421
0.31595
0.361321
0.436129
0.505117
0.550194
0.57574
0.582202
0.577223
0.578077
0.582984
0.601874
0.608509
0.610486
0.634283
0.671807
0.703787
0.717769
0.717411
0.696261
0.649983
0.57368
0.486118
0.405061
0.32251
0.232807
0.157961
0.0887122
0.0447167
0.0248822
0.0187251
0.018693
0.0199747
0.0298491
0.049695
0.0738668
0.0968639
0.138442
0.189035
0.233389
0.276597
0.321369
0.3598
0.388123
0.423484
0.450139
0.458198
0.45704
0.458198
0.457861
0.451389
0.437466
0.424397
0.398574
0.384276
0.384276
0.397324
0.404236
0.412002
0.419767
0.425924
0.432765
0.445497
0.462828
0.470338
0.474115
0.480375
0.506166
0.512692
0.531581
0.556709
0.583424
0.612606
0.625805
0.636674
0.625132
0.577011
0.531304
0.488037
0.448959
0.423494
0.412338
0.410752
0.399269
0.379108
0.361175
0.327526
0.277846
0.227232
0.176639
0.125709
0.0825774
0.0508738
0.0508738
0.0825774
0.120743
0.15894
0.201767
0.252349
0.295904
0.323314
0.335944
0.343405
0.357028
0.404763
0.451165
0.494265
0.519789
0.531375
0.537532
0.545286
0.565447
0.583119
0.584705
0.595717
0.616215
0.642961
0.673333
0.691989
0.695011
0.665921
0.627691
0.568996
0.500389
0.428059
0.347947
0.265629
0.203853
0.164824
0.139328
0.114199
0.100217
0.0940282
0.0878711
0.0754752
0.0640245
0.0611665
0.062123
0.0685732
0.0965594
0.133475
0.176303
0.226917
0.276629
0.327526
0.380021
0.424734
0.443982
0.451389
0.457861
0.458198
0.457008
0.450503
0.437771
0.429772
0.423592
0.423592
0.429772
0.425141
0.425038
0.431511
0.431543
0.432733
0.432396
0.433749
0.430614
0.412995
0.397068
0.506503
0.506535
0.512692
0.526337
0.544037
0.562692
0.568023
0.574262
0.558949
0.516153
0.480711
0.457708
0.437487
0.43133
0.431646
0.437803
0.437466
0.423821
0.411425
0.403323
0.372299
0.327526
0.277878
0.226949
0.188649
0.164434
0.164434
0.188649
0.220689
0.258886
0.302062
0.340677
0.365126
0.373228
0.384374
0.385624
0.379444
0.388155
0.405719
0.43095
0.45491
0.460213
0.472989
0.496824
0.523479
0.540815
0.542064
0.546112
0.557552
0.582701
0.606873
0.614698
0.608257
0.593885
0.569692
0.531831
0.491135
0.438014
0.385455
0.336155
0.302023
0.277776
0.252311
0.226846
0.209147
0.190594
0.176612
0.163847
0.144958
0.119829
0.0943647
0.0689319
0.0557813
0.0623566
0.0829139
0.125709
0.176639
0.233492
0.295546
0.357958
0.397764
0.417305
0.432836
0.443982
0.445232
0.437803
0.431646
0.430108
0.428918
0.428918
0.430108
0.423848
0.418913
0.420103
0.421017
0.424734
0.419848
0.409284
0.384417
0.344611
0.302728
0.487542
0.480967
0.48063
0.48188
0.486847
0.486532
0.484658
0.48094
0.467327
0.44347
0.423185
0.418218
0.417305
0.42388
0.437771
0.450503
0.450535
0.445568
0.445232
0.443982
0.42507
0.404573
0.378456
0.3399
0.310413
0.289915
0.289915
0.310413
0.336183
0.365723
0.384118
0.392177
0.407035
0.407035
0.407371
0.406181
0.399676
0.386873
0.381906
0.383156
0.391504
0.386281
0.391248
0.411153
0.430043
0.436232
0.441199
0.452997
0.462348
0.487477
0.507975
0.520675
0.525642
0.519506
0.500514
0.480407
0.456468
0.43589
0.413283
0.400519
0.393943
0.387134
0.372794
0.348611
0.328369
0.30324
0.285541
0.266651
0.241155
0.209533
0.171672
0.132225
0.0890933
0.0523793
0.0383973
0.0512326
0.0940282
0.138442
0.195295
0.252382
0.308278
0.358376
0.390693
0.40366
0.411088
0.411088
0.411425
0.411484
0.412409
0.412409
0.411148
0.401192
0.404605
0.415772
0.421989
0.428205
0.427635
0.395236
0.353017
0.308245
0.263819
0.451389
0.438656
0.427174
0.419072
0.406024
0.385558
0.36631
0.36005
0.3588
0.353801
0.35541
0.368479
0.386537
0.400519
0.424397
0.437803
0.450535
0.456976
0.457008
0.458198
0.457964
0.450199
0.438379
0.424435
0.422533
0.413203
0.409517
0.42243
0.430614
0.436217
0.432836
0.432499
0.432396
0.424968
0.418811
0.412306
0.398383
0.380716
0.360495
0.347426
0.329368
0.310163
0.297388
0.302931
0.309088
0.30912
0.31538
0.336183
0.365783
0.391584
0.415799
0.429781
0.443427
0.447481
0.444122
0.443987
0.445596
0.444378
0.44277
0.44277
0.455166
0.461382
0.467642
0.465697
0.450438
0.425005
0.404763
0.379635
0.348013
0.309784
0.265429
0.214836
0.162657
0.106761
0.0585861
0.021094
0.0248547
0.0561675
0.100245
0.151174
0.208364
0.271657
0.321337
0.348779
0.361408
0.370424
0.386537
0.394383
0.398057
0.399338
0.400213
0.404866
0.412609
0.430308
0.443144
0.447438
0.428929
0.384639
0.340518
0.302321
0.265651
0.379554
0.360686
0.340188
0.315973
0.290508
0.265043
0.240828
0.235524
0.235524
0.235861
0.252311
0.282786
0.315984
0.346731
0.380298
0.412002
0.43713
0.445232
0.451725
0.464773
0.46974
0.469425
0.469088
0.474126
0.480365
0.474522
0.480342
0.486522
0.474158
0.463268
0.450851
0.444243
0.439308
0.426261
0.413192
0.398933
0.375054
0.359822
0.334358
0.2986
0.259142
0.227205
0.20174
0.184931
0.184595
0.184595
0.189898
0.220689
0.265114
0.308637
0.342204
0.366375
0.386537
0.399269
0.412338
0.431646
0.444346
0.450503
0.456795
0.470777
0.500872
0.524832
0.542531
0.555263
0.556432
0.537022
0.509421
0.481457
0.444846
0.405458
0.360757
0.308637
0.246561
0.182899
0.12446
0.069813
0.0260609
0.0199473
0.0434351
0.0825454
0.125709
0.176639
0.228482
0.276553
0.316076
0.35298
0.380884
0.404763
0.41381
0.426124
0.442237
0.445073
0.456279
0.462539
0.467137
0.455654
0.429309
0.392302
0.35436
0.319298
0.304382
0.272809
0.253919
0.228454
0.20299
0.177525
0.15206
0.126932
0.119107
0.119107
0.126932
0.145881
0.182236
0.2254
0.271107
0.320787
0.363859
0.397405
0.418555
0.437803
0.456715
0.464121
0.469425
0.476
0.481038
0.481038
0.481097
0.492244
0.49377
0.487195
0.475968
0.458269
0.439411
0.431586
0.411088
0.386537
0.348317
0.31513
0.289329
0.252382
0.207924
0.171336
0.133811
0.107097
0.0816643
0.0685137
0.0685137
0.0829139
0.120743
0.163907
0.2145
0.257604
0.297095
0.329032
0.349866
0.379048
0.412002
0.43095
0.450311
0.479135
0.518213
0.55641
0.588103
0.607411
0.625469
0.626659
0.607698
0.577196
0.539276
0.506068
0.468175
0.42507
0.379108
0.33407
0.275407
0.214553
0.163255
0.112641
0.0701495
0.0516286
0.0624161
0.0884786
0.125099
0.170785
0.22784
0.291165
0.347002
0.39266
0.424179
0.444709
0.468588
0.483819
0.493753
0.499981
0.498791
0.486363
0.462507
0.429869
0.39447
0.361832
0.344551
0.343606
0.163879
0.151115
0.132225
0.107097
0.0816323
0.0561675
0.037278
0.0249462
0.0323529
0.0620796
0.0938043
0.131643
0.183485
0.238677
0.283031
0.313907
0.347137
0.38276
0.411441
0.423494
0.437498
0.450199
0.461681
0.455839
0.462078
0.468305
0.476071
0.47481
0.468235
0.462931
0.448949
0.424157
0.409839
0.38038
0.333999
0.276629
0.225699
0.182492
0.144262
0.10801
0.0816323
0.0614932
0.0437939
0.0248015
0.00747077
0.00747077
0.0248015
0.0499509
0.0816323
0.120743
0.158603
0.195192
0.233421
0.27165
0.322265
0.378983
0.428722
0.480901
0.532744
0.583337
0.627691
0.651053
0.659237
0.666014
0.666057
0.652412
0.632767
0.589896
0.540607
0.501128
0.462931
0.425984
0.386596
0.34842
0.319761
0.270081
0.214216
0.169759
0.139664
0.125714
0.133121
0.162798
0.195772
0.245175
0.297354
0.347947
0.392302
0.430531
0.46712
0.492584
0.504067
0.517724
0.519257
0.508469
0.487417
0.456986
0.425261
0.401741
0.386905
0.380716
0.380684
0.0754752
0.0627428
0.0500104
0.0360284
0.0186656
0.0062486
0.00253125
0.0185627
0.0499509
0.0816323
0.113314
0.14507
0.18748
0.227808
0.259543
0.283736
0.309201
0.33934
0.365962
0.383096
0.392806
0.404573
0.419767
0.419767
0.426261
0.437803
0.444275
0.438993
0.432499
0.424734
0.404573
0.379211
0.346834
0.303279
0.246224
0.182899
0.125709
0.0825454
0.0446847
0.0248822
0.0174755
0.0124765
0.00621655
0.00249921
0.00621655
0.0124765
0.018693
0.0249416
0.0373586
0.0608785
0.0875929
0.114339
0.158357
0.214771
0.276824
0.340518
0.41169
0.497254
0.568681
0.62642
0.676122
0.68456
0.6783
0.67367
0.67123
0.666291
0.653325
0.615432
0.564399
0.515447
0.482157
0.455106
0.419745
0.405486
0.397427
0.365783
0.327168
0.284035
0.252311
0.235861
0.235861
0.248289
0.265629
0.297354
0.339269
0.378716
0.415663
0.448557
0.47981
0.4954
0.501063
0.506366
0.505176
0.489944
0.460186
0.435373
0.424217
0.422935
0.416463
0.40373
0.397573
0.0174434
0.0124765
0.00621655
0.0012496
3.20464e-005
0.00743872
0.0322082
0.0763288
0.119493
0.15894
0.1968
0.228422
0.252702
0.26702
0.283965
0.303838
0.316293
0.322846
0.333993
0.341443
0.346666
0.350555
0.361338
0.369071
0.380249
0.387656
0.395421
0.392982
0.381803
0.367566
0.341867
0.302029
0.252697
0.202104
0.151174
0.0989951
0.0512005
0.0185627
0.00128165
0.0012496
0.00621655
0.0125085
0.0236325
0.037278
0.0500104
0.0627428
0.0754752
0.0878711
0.0940282
0.0953419
0.106466
0.131279
0.169117
0.22096
0.273139
0.336128
0.403148
0.485835
0.57368
0.637701
0.664948
0.666454
0.661487
0.6599
0.648754
0.647532
0.638544
0.607362
0.564198
0.513502
0.481853
0.457914
0.443655
0.443623
0.438656
0.425984
0.417882
0.398258
0.372826
0.3588
0.353833
0.355339
0.361599
0.374331
0.399764
0.425332
0.443367
0.457349
0.468892
0.473859
0.474195
0.479521
0.480782
0.469555
0.451856
0.437874
0.431717
0.431717
0.423951
0.411219
0.398486
0
0
0
3.20464e-005
0.0135958
0.0449406
0.0940282
0.149925
0.202104
0.252697
0.297051
0.33528
0.360686
0.361022
0.361967
0.355452
0.347002
0.334329
0.322846
0.313831
0.308528
0.296029
0.29173
0.298664
0.311262
0.319027
0.330173
0.323994
0.311365
0.283101
0.246122
0.201767
0.15894
0.119493
0.0775784
0.0384248
0.0199152
0.0175075
0.0248822
0.037278
0.0500104
0.0688999
0.0943647
0.119493
0.138382
0.151147
0.163879
0.176612
0.189344
0.195501
0.196751
0.210396
0.233095
0.270976
0.312554
0.353191
0.405338
0.475239
0.542977
0.587332
0.602851
0.602851
0.595422
0.58269
0.569925
0.563116
0.551736
0.53526
0.51673
0.480375
0.457605
0.450096
0.443623
0.443992
0.450464
0.456356
0.462931
0.467866
0.455134
0.443694
0.437119
0.430891
0.429385
0.429722
0.436613
0.449313
0.462045
0.473528
0.475114
0.481038
0.481038
0.476071
0.468305
0.462045
0.449313
0.436581
0.424185
0.422599
0.411116
0.398383
0.379076
0
0
3.20464e-005
0.0148454
0.0573365
0.106761
0.168917
0.233829
0.297154
0.352991
0.398986
0.43708
0.458747
0.458747
0.457497
0.438586
0.40674
0.373162
0.345855
0.315461
0.290909
0.265444
0.251382
0.228117
0.221057
0.228791
0.233698
0.227541
0.21444
0.184068
0.146207
0.108347
0.0816643
0.0623566
0.0496242
0.0500425
0.0627428
0.0816323
0.106761
0.12565
0.139664
0.164792
0.190257
0.215722
0.241187
0.260076
0.272809
0.285541
0.298273
0.310669
0.315636
0.323402
0.336102
0.350443
0.363512
0.381243
0.405202
0.441455
0.476271
0.508311
0.527484
0.527147
0.5141
0.488667
0.469777
0.455437
0.434939
0.415734
0.415702
0.414871
0.411746
0.413251
0.413251
0.430891
0.451725
0.463268
0.475968
0.482646
0.474881
0.467115
0.467115
0.468305
0.46179
0.460203
0.455573
0.462148
0.474881
0.482646
0.482646
0.481038
0.481038
0.474441
0.450595
0.437803
0.424734
0.412002
0.399269
0.387727
0.374658
0.35535
0.329917
0
3.20464e-005
0.0148454
0.0623034
0.119493
0.181649
0.251528
0.326304
0.384999
0.430037
0.469425
0.506036
0.521523
0.514126
0.509159
0.501069
0.468175
0.42507
0.380389
0.346507
0.31875
0.280645
0.245539
0.213917
0.182236
0.163287
0.144663
0.133507
0.120743
0.100581
0.0801588
0.0674264
0.0682366
0.0763386
0.0943967
0.119829
0.146207
0.177493
0.20299
0.228454
0.252311
0.277776
0.30324
0.327455
0.347953
0.366822
0.375837
0.38732
0.40002
0.406595
0.405426
0.405426
0.404236
0.404236
0.404573
0.409898
0.411452
0.420163
0.431184
0.44984
0.461426
0.450279
0.429781
0.40398
0.372277
0.346507
0.31538
0.289915
0.289915
0.307919
0.339069
0.358653
0.367962
0.400519
0.43588
0.450535
0.468593
0.473865
0.473968
0.467452
0.467452
0.478262
0.468028
0.456823
0.455573
0.45591
0.467392
0.473865
0.473528
0.462078
0.455502
0.443623
0.418159
0.39921
0.375331
0.354497
0.328716
0.301991
0.277776
0.252311
0.226846
3.20464e-005
0.0135958
0.0573365
0.119493
0.189415
0.262979
0.334129
0.392824
0.437526
0.476913
0.513524
0.540575
0.558633
0.558622
0.552362
0.533168
0.501128
0.462931
0.425984
0.392753
0.355941
0.314527
0.283411
0.244024
0.194996
0.152505
0.125486
0.0996026
0.0807452
0.073675
0.0814084
0.101831
0.134388
0.16476
0.190257
0.215722
0.246154
0.283101
0.309756
0.328961
0.355382
0.380815
0.400123
0.413192
0.425924
0.438656
0.443623
0.44396
0.444378
0.444346
0.442841
0.441591
0.430445
0.430108
0.430108
0.425141
0.418984
0.418881
0.413946
0.408621
0.404573
0.391943
0.36368
0.329275
0.294415
0.253375
0.212352
0.183127
0.18154
0.202478
0.245866
0.284422
0.315549
0.353643
0.39303
0.423821
0.444319
0.452144
0.457079
0.450606
0.450606
0.456763
0.448998
0.436613
0.430037
0.429701
0.437466
0.445232
0.438656
0.425588
0.40628
0.380847
0.347953
0.322489
0.295834
0.258886
0.220689
0.190257
0.164792
0.139328
0.114199
0.00743872
0.0449406
0.106761
0.181649
0.262979
0.328309
0.385417
0.430005
0.469425
0.506036
0.533087
0.557361
0.576322
0.581707
0.576403
0.545847
0.514197
0.482157
0.456356
0.430891
0.397997
0.372635
0.346894
0.301762
0.252158
0.211418
0.183426
0.164434
0.147071
0.145821
0.164792
0.195224
0.233421
0.271618
0.30324
0.327423
0.348024
0.367566
0.387727
0.400459
0.418159
0.430037
0.436613
0.449313
0.462045
0.474778
0.481038
0.479788
0.467392
0.461235
0.454719
0.449416
0.436684
0.430108
0.430108
0.423848
0.411452
0.405268
0.397443
0.385656
0.373782
0.360816
0.334182
0.301865
0.258342
0.213581
0.169145
0.132924
0.126317
0.150255
0.187203
0.220433
0.257348
0.292219
0.3294
0.374994
0.405682
0.418414
0.420001
0.418474
0.411899
0.405692
0.405458
0.400459
0.387727
0.376244
0.374615
0.37305
0.35292
0.328705
0.30324
0.277776
0.246154
0.215722
0.190225
0.158603
0.121079
0.0943647
0.0688999
0.0434351
0.0248822
0.0322082
0.0940282
0.168917
0.251496
0.326722
0.373022
0.412306
0.4456
0.481793
0.508508
0.532782
0.551742
0.567915
0.575708
0.567883
0.53782
0.507285
0.481853
0.462545
0.444846
0.425956
0.418517
0.399606
0.378771
0.346416
0.3095
0.291421
0.278689
0.265956
0.265956
0.279025
0.308251
0.341481
0.373386
0.400123
0.407035
0.412002
0.424734
0.437466
0.44277
0.449345
0.455573
0.455573
0.462148
0.474881
0.487613
0.49258
0.487613
0.474881
0.462148
0.449416
0.436581
0.423848
0.411148
0.404573
0.399269
0.386537
0.381602
0.38033
0.380591
0.36506
0.347002
0.33308
0.307615
0.270608
0.233948
0.197696
0.170068
0.159004
0.16477
0.183426
0.201125
0.218825
0.239322
0.263853
0.293366
0.324054
0.342986
0.354133
0.350372
0.345405
0.344155
0.33764
0.328624
0.309756
0.289258
0.272809
0.260076
0.241187
0.215722
0.190257
0.166042
0.145849
0.131969
0.111808
0.0875929
0.0662043
0.043538
0.0186222
0.00253125
0
0.0937722
0.162401
0.240013
0.31399
0.361479
0.399574
0.426608
0.450405
0.475533
0.489575
0.50077
0.505503
0.498672
0.492064
0.485939
0.478869
0.462675
0.44984
0.444873
0.4377
0.431575
0.432733
0.425924
0.419767
0.413251
0.403877
0.404834
0.403225
0.391775
0.391743
0.398318
0.411387
0.435602
0.449943
0.455166
0.443106
0.436949
0.449313
0.462045
0.468305
0.463338
0.455573
0.455573
0.45591
0.467392
0.479788
0.481038
0.474778
0.462045
0.442738
0.425038
0.407371
0.388063
0.374994
0.362262
0.350811
0.341774
0.353518
0.364701
0.365615
0.348311
0.343008
0.336432
0.322482
0.30512
0.290122
0.273177
0.271559
0.254256
0.239969
0.229286
0.227759
0.222873
0.226253
0.222873
0.227759
0.234611
0.240306
0.246431
0.246431
0.246431
0.246094
0.234611
0.221879
0.20299
0.177861
0.163879
0.151147
0.139632
0.125742
0.11303
0.104928
0.100021
0.100021
0.0990757
0.0941905
0.0816597
0.0639924
0.0500104
0.037278
0.0248822
0.193719
0.258598
0.319843
0.354936
0.380645
0.4073
0.432369
0.445101
0.454176
0.457605
0.44927
0.417207
0.384009
0.36631
0.36631
0.382728
0.398677
0.405486
0.413251
0.419767
0.425924
0.432733
0.431575
0.4377
0.450199
0.461426
0.475408
0.493107
0.505187
0.510154
0.511404
0.512969
0.524452
0.524788
0.519821
0.499367
0.469272
0.456855
0.464588
0.468305
0.461709
0.437862
0.430037
0.429701
0.437466
0.443623
0.443623
0.43832
0.419012
0.393579
0.374587
0.360605
0.335477
0.312543
0.303169
0.308778
0.313804
0.323732
0.341399
0.355404
0.354468
0.363484
0.366282
0.35992
0.356898
0.368403
0.36962
0.368371
0.348209
0.33176
0.310104
0.285541
0.263516
0.239322
0.218825
0.201125
0.183426
0.16352
0.146271
0.14499
0.14499
0.138414
0.125682
0.11295
0.100185
0.0878711
0.0755073
0.0689319
0.069845
0.080969
0.0990483
0.118356
0.138442
0.152364
0.157722
0.157722
0.157722
0.151147
0.138414
0.125682
0.11295
0.302952
0.351464
0.373825
0.386802
0.395758
0.406904
0.419637
0.420033
0.418495
0.402394
0.353882
0.301735
0.25982
0.240491
0.240491
0.25982
0.301703
0.339069
0.359903
0.379108
0.399606
0.418517
0.426261
0.445568
0.463268
0.487227
0.517322
0.544037
0.573219
0.593797
0.610823
0.613263
0.614485
0.614453
0.602036
0.569143
0.530945
0.493117
0.478798
0.467315
0.448366
0.417903
0.393943
0.377157
0.368039
0.361599
0.353833
0.341101
0.315973
0.290508
0.274058
0.266325
0.259852
0.257907
0.260407
0.272802
0.290806
0.32126
0.346746
0.364701
0.377896
0.385895
0.387737
0.400491
0.413192
0.420001
0.418811
0.413844
0.400796
0.39295
0.375331
0.348676
0.317988
0.289389
0.252126
0.212668
0.17572
0.144007
0.107754
0.0816918
0.0639924
0.0500104
0.037278
0.0248822
0.0187251
0.018693
0.0248822
0.0437716
0.0701495
0.10801
0.146207
0.184405
0.222265
0.252637
0.259163
0.259163
0.259163
0.258827
0.247344
0.234611
0.221879
0.403307
0.412936
0.41318
0.409403
0.406568
0.395758
0.394568
0.386873
0.365805
0.309528
0.244648
0.188752
0.144294
0.120356
0.120356
0.144294
0.188752
0.239649
0.283172
0.321706
0.360218
0.386873
0.411088
0.436553
0.463268
0.494949
0.532494
0.570355
0.61016
0.640592
0.664785
0.696173
0.707227
0.695776
0.677403
0.640456
0.602259
0.564061
0.527022
0.488825
0.441981
0.391491
0.352001
0.315054
0.284958
0.266069
0.253304
0.240572
0.221715
0.202743
0.201157
0.207314
0.221264
0.240235
0.257935
0.276824
0.302424
0.33934
0.370467
0.386649
0.39309
0.412002
0.424734
0.437803
0.449345
0.457079
0.450606
0.444346
0.436613
0.432836
0.423484
0.398356
0.374141
0.347486
0.315212
0.277814
0.226976
0.176383
0.129171
0.0813764
0.0434351
0.0136553
0.00128165
0
0.00128165
0.0136553
0.050864
0.0940282
0.138442
0.189371
0.239965
0.284319
0.321298
0.349562
0.361855
0.358137
0.356888
0.356888
0.349122
0.33639
0.323658
0.473799
0.462604
0.444802
0.425517
0.400725
0.380645
0.361408
0.340645
0.289357
0.213331
0.144702
0.0875123
0.0446847
0.0249142
0.0249142
0.0446847
0.0875123
0.138442
0.189371
0.244975
0.297063
0.340574
0.380716
0.412338
0.449862
0.482734
0.519659
0.564464
0.615258
0.654412
0.686484
0.724322
0.760597
0.761531
0.740615
0.696271
0.651264
0.598726
0.536662
0.480765
0.429835
0.373085
0.328672
0.290811
0.264097
0.238632
0.219742
0.20701
0.200402
0.200821
0.202407
0.214803
0.232502
0.257967
0.288779
0.327302
0.359208
0.380357
0.399606
0.422235
0.42507
0.437803
0.449345
0.462045
0.468305
0.473631
0.467452
0.462148
0.45591
0.460796
0.444378
0.42507
0.410752
0.386873
0.366712
0.352496
0.313572
0.258925
0.195631
0.137192
0.0890612
0.0461902
0.0198444
0.0186976
0.0421855
0.0751164
0.125709
0.176639
0.233492
0.290579
0.340259
0.380064
0.405763
0.420001
0.431147
0.424631
0.412235
0.406078
0.399574
0.386841
0.374109
0.532526
0.501992
0.469974
0.432113
0.393062
0.354936
0.321755
0.270804
0.200598
0.13072
0.0685634
0.0198123
0.00128165
0
0
0.00128165
0.0198123
0.0635964
0.106761
0.151174
0.202104
0.258957
0.314762
0.359566
0.399247
0.444536
0.482766
0.533277
0.591972
0.635484
0.679806
0.723926
0.75682
0.760179
0.742256
0.708689
0.653683
0.59377
0.531738
0.479515
0.429835
0.37921
0.341372
0.310087
0.284622
0.259157
0.234029
0.221633
0.227872
0.240572
0.257022
0.27752
0.302984
0.336183
0.37069
0.3981
0.416968
0.425984
0.432499
0.438993
0.444378
0.450503
0.456763
0.463338
0.468305
0.468305
0.467115
0.46054
0.462148
0.463338
0.450503
0.437803
0.426261
0.413192
0.405785
0.394639
0.372951
0.340645
0.288107
0.221128
0.170096
0.131562
0.107287
0.0964777
0.120775
0.16983
0.226917
0.276629
0.327526
0.378771
0.412338
0.436553
0.461681
0.470697
0.471033
0.46337
0.450606
0.437874
0.423951
0.411219
0.398486
0.570979
0.524957
0.475277
0.423494
0.372635
0.320484
0.264647
0.199317
0.125753
0.0623034
0.0148454
3.20464e-005
0
0
0
0
3.20464e-005
0.0135958
0.043691
0.0766653
0.119493
0.163907
0.2145
0.265114
0.319793
0.371913
0.417832
0.47619
0.538266
0.584207
0.628664
0.664062
0.684517
0.68462
0.664154
0.644478
0.613769
0.564702
0.512523
0.469359
0.430825
0.392965
0.367847
0.353833
0.337384
0.323358
0.311919
0.315636
0.329618
0.342351
0.360093
0.380591
0.404731
0.425647
0.437466
0.450199
0.457964
0.456356
0.450432
0.444307
0.443928
0.444042
0.44277
0.442433
0.442433
0.435521
0.430544
0.435624
0.442401
0.442433
0.437466
0.430891
0.424968
0.418843
0.420001
0.418414
0.407371
0.385683
0.353746
0.319761
0.284003
0.247088
0.227759
0.219994
0.228096
0.270081
0.326336
0.36606
0.39309
0.424734
0.448949
0.463268
0.482575
0.498993
0.49933
0.485092
0.466202
0.453133
0.429255
0.415273
0.40254
0.570947
0.520018
0.464181
0.405454
0.341895
0.277042
0.200566
0.125753
0.0623034
0.0148454
3.20464e-005
0
0
0
0
0
0
3.20464e-005
0.00743872
0.0248015
0.0499509
0.0816323
0.120743
0.16357
0.214184
0.265146
0.321043
0.384704
0.443041
0.49896
0.537157
0.563871
0.584369
0.589304
0.582831
0.570436
0.549938
0.523202
0.481624
0.448986
0.42513
0.411116
0.399606
0.39303
0.392694
0.392694
0.392694
0.406676
0.435489
0.449515
0.453557
0.462572
0.467898
0.467898
0.463268
0.463268
0.469708
0.463268
0.451725
0.438656
0.424734
0.413251
0.404236
0.387134
0.366534
0.343644
0.333336
0.340845
0.360061
0.379369
0.392753
0.400519
0.407035
0.413192
0.420033
0.427798
0.431147
0.412279
0.395888
0.392753
0.385944
0.369995
0.353577
0.347105
0.352296
0.362066
0.392753
0.424397
0.437466
0.451389
0.464458
0.476
0.4887
0.501536
0.507774
0.488526
0.463398
0.442841
0.417376
0.399676
0.386944
0.545483
0.489645
0.430918
0.367359
0.295932
0.213299
0.13072
0.0623034
0.0148454
3.20464e-005
0
0
0
0
0
0
0
0
0
0.0012496
0.0062486
0.0186656
0.0421855
0.0701495
0.112977
0.163907
0.22076
0.277846
0.333775
0.397405
0.442177
0.467979
0.491857
0.494693
0.499323
0.49841
0.493546
0.482287
0.463398
0.449416
0.436684
0.424288
0.428859
0.430108
0.430108
0.43014
0.436265
0.455236
0.474881
0.487613
0.49502
0.50583
0.49496
0.48226
0.475968
0.463268
0.458301
0.450199
0.436217
0.412002
0.380357
0.352991
0.320951
0.284035
0.252311
0.226846
0.210396
0.215363
0.239578
0.271303
0.313186
0.346834
0.366375
0.386873
0.412279
0.431147
0.427798
0.420033
0.424631
0.437466
0.442433
0.448693
0.454482
0.446716
0.434711
0.417305
0.430891
0.451389
0.456692
0.45704
0.463165
0.469088
0.475663
0.480967
0.485506
0.467529
0.435826
0.405426
0.379961
0.360969
0.348573
0.494585
0.435858
0.372299
0.301208
0.224814
0.143452
0.0685634
0.0148454
3.20464e-005
0
0
0
0
0
0
0
0
0
0
0
0
0
0.00128165
0.0124057
0.0384681
0.0812958
0.125709
0.176639
0.233492
0.290579
0.341508
0.385031
0.412023
0.429701
0.438716
0.450199
0.455502
0.460828
0.45466
0.441928
0.429195
0.424288
0.436684
0.44165
0.44165
0.447808
0.454719
0.466202
0.478935
0.491667
0.504063
0.506503
0.500243
0.480967
0.463268
0.450199
0.436217
0.412338
0.39184
0.359566
0.307028
0.252414
0.207956
0.169759
0.139328
0.114199
0.100217
0.101467
0.126595
0.157027
0.201484
0.252382
0.300871
0.342263
0.385347
0.407371
0.418414
0.420001
0.432836
0.450503
0.456763
0.468305
0.479511
0.468365
0.455573
0.437874
0.437803
0.450432
0.456356
0.451389
0.445232
0.438716
0.430614
0.417566
0.39829
0.374075
0.347361
0.323402
0.304409
0.294475
0.293226
0.40517
0.348084
0.284758
0.219847
0.151218
0.0812958
0.0198123
3.20464e-005
0
0
0
0
0
0
0
0
0
0
0
0
0
0
0
0
0.00128165
0.0185627
0.0512005
0.0940282
0.138442
0.189371
0.239965
0.284319
0.321298
0.354181
0.379961
0.400459
0.413192
0.425924
0.424734
0.412338
0.406181
0.411116
0.423848
0.430108
0.431358
0.442504
0.449416
0.457181
0.463338
0.476071
0.488803
0.487542
0.476
0.462595
0.437466
0.412338
0.385265
0.354599
0.314794
0.265114
0.208027
0.151174
0.10801
0.0701495
0.0434351
0.0248822
0.0187251
0.0187251
0.0310392
0.0574171
0.100245
0.151174
0.208364
0.275375
0.33407
0.372951
0.394639
0.406121
0.423484
0.437803
0.449345
0.462045
0.468305
0.462148
0.449313
0.436581
0.431646
0.432836
0.425984
0.416968
0.3981
0.377602
0.346475
0.309468
0.277776
0.252311
0.226846
0.209147
0.196751
0.195501
0.195501
0.303627
0.253033
0.200854
0.144958
0.0877682
0.0322082
0.00128165
0
0
0
0
0
0
0
0
0
0
0
0
0
0
0
0
0
0
3.20464e-005
0.00743872
0.0309586
0.0639329
0.106761
0.146207
0.184068
0.21569
0.246154
0.284351
0.314723
0.335221
0.354089
0.363072
0.368398
0.368735
0.374994
0.387727
0.392694
0.397997
0.412338
0.425038
0.431511
0.431543
0.4377
0.450096
0.451389
0.437407
0.413528
0.384928
0.348024
0.302094
0.258854
0.2145
0.163907
0.112977
0.0688999
0.0372185
0.0124057
0.00128165
0
0
0
3.20464e-005
0.00743872
0.0322082
0.0763288
0.12446
0.182899
0.246224
0.306996
0.35216
0.372038
0.38721
0.410752
0.424734
0.432836
0.437803
0.437771
0.426679
0.412675
0.411088
0.409502
0.386873
0.366375
0.334102
0.289329
0.239681
0.195224
0.164792
0.139328
0.114199
0.100217
0.0940602
0.0940602
0.0940602
0.209869
0.170423
0.127258
0.0828013
0.0399737
0.00743872
0
0
0
0
0
0
0
0
0
0
0
0
0
0
0
0
0
0
0
0
0
0.00128165
0.0124057
0.0372185
0.0676503
0.0943647
0.119829
0.146207
0.177493
0.20299
0.228454
0.247344
0.260076
0.272809
0.284291
0.297024
0.315892
0.324907
0.34265
0.361855
0.374587
0.382353
0.382353
0.382353
0.383602
0.379554
0.360686
0.334031
0.290611
0.246122
0.201767
0.15894
0.120743
0.0812958
0.0384681
0.0124057
0.00128165
0
0
0
0
0
0
0
0.00128165
0.0185627
0.0512005
0.0989951
0.151174
0.208364
0.271657
0.31518
0.336047
0.354833
0.375331
0.39295
0.394568
0.394568
0.39295
0.380657
0.369174
0.354833
0.329135
0.289329
0.239649
0.189035
0.138442
0.0956143
0.0688999
0.0434351
0.0248822
0.0187251
0.018693
0.018693
0.018693
0.131312
0.100881
0.0691558
0.0387241
0.0123462
3.20464e-005
0
0
0
0
0
0
0
0
0
0
0
0
0
0
0
0
0
0
0
0
0
0
0
0.00128165
0.0124057
0.0310615
0.0487608
0.0627428
0.0816323
0.106761
0.12565
0.138414
0.151147
0.163879
0.176612
0.190594
0.209147
0.221879
0.239578
0.260076
0.272809
0.284291
0.284628
0.284628
0.284291
0.272809
0.253919
0.228422
0.189035
0.146207
0.108347
0.0803827
0.0499509
0.0185627
0.00128165
0
0
0
0
0
0
0
0
0
0
3.20464e-005
0.00743872
0.0322082
0.0763288
0.12446
0.176639
0.2272
0.264148
0.285046
0.310408
0.33176
0.342906
0.343242
0.338671
0.329347
0.303567
0.270369
0.233389
0.189035
0.138442
0.0952778
0.0561675
0.0310615
0.0124057
0.00128165
0
0
0
0
0
0.0614932
0.0437939
0.0248015
0.00743872
3.20464e-005
0
0
0
0
0
0
0
0
0
0
0
0
0
0
0
0
0
0
0
0
0
0
0
0
0
0
0.0012496
0.00621655
0.0124765
0.0174755
0.0248822
0.037278
0.0500104
0.0627428
0.0754752
0.0878711
0.0940282
0.100217
0.11295
0.126932
0.15081
0.163879
0.176612
0.183187
0.183187
0.176612
0.163879
0.151115
0.131889
0.0956143
0.0676503
0.0437939
0.0248015
0.00743872
3.20464e-005
0
0
0
0
0
0
0
0
0
0
0
0
0
0.00128165
0.0185627
0.0512005
0.0940282
0.133475
0.171672
0.208283
0.234938
0.254175
0.260669
0.265679
0.264152
0.241155
0.209533
0.171672
0.133475
0.0952778
0.0561675
0.0248227
0.0062486
0.0012496
0
0
0
0
0
0
0
0.0124765
0.00621655
0.0012496
0
0
0
0
0
0
0
0
0
0
0
0
0
0
0
0
0
0
0
0
0
0
0
0
0
0
0
0
0
0
0
0
0
0.0012496
0.00621655
0.0124765
0.0174434
0.018693
0.018693
0.0187251
0.0248822
0.037278
0.0561675
0.0754752
0.0882076
0.100571
0.100571
0.0882076
0.0754752
0.0627428
0.0434351
0.0236325
0.0125085
0.00621655
0.0012496
0
0
0
0
0
0
0
0
0
0
0
0
0
0
0
0
3.20464e-005
0.00743872
0.0309586
0.0626833
0.0931151
0.119829
0.144958
0.163847
0.170455
0.170455
0.163847
0.144958
0.119829
0.0931151
0.0626833
0.0309586
0.00743872
3.20464e-005
0
0
0
0
0
0
0
0
0
